FOLD:  1
Instantele de antrenare sunt: 
      PLI_alpha_cost  PLI_alpha_lungime_medie  PLI_alpha_coeficient_clusterizare  PLI_alpha_eficienta_globala  PLI_beta_cost  PLI_beta_lungime_medie  PLI_beta_coeficient_clusterizare  PLI_beta_eficienta_globala  coherence_alpha_cost  coherence_alpha_lungime_medie  coherence_alpha_coeficient_clusterizare  coherence_alpha_eficienta_globala  coherence_beta_cost  coherence_beta_lungime_medie  coherence_beta_coeficient_clusterizare  coherence_beta_eficienta_globala
2          0.067989                 0.092010                           0.501008                    10.519729       0.027318                0.038279                          0.453422                   29.556845              0.967118                       0.796578                                 0.691475                           0.526904             0.942435                      0.616994                                0.663080                          0.498425
3          0.087461                 0.128999                           0.363052                     8.766211       0.050699                0.072686                          0.508588                   15.762235              0.785471                       0.914402                                 0.679138                           0.779191             0.698988                      0.799791                                0.702481                          0.903790
4          0.063729                 0.090388                           0.407624                    12.571585       0.054592                0.080585                          0.460710                   14.124897              0.367095                       0.471807                                 0.624083                           1.932585             0.320895                      0.415963                                0.712543                          2.238589
5          0.059783                 0.084066                           0.355920                    13.477765       0.050304                0.072107                          0.560166                   15.624152              0.403027                       0.462529                                 0.536527                           1.953181             0.369012                      0.366809                                0.497258                          1.925336
6          0.115460                 0.146495                           0.552205                     6.211182       0.066436                0.097952                          0.440191                   11.669549              0.814026                       0.513424                                 0.647503                           0.593083             0.815481                      0.517964                                0.648135                          0.590871
..              ...                      ...                                ...                          ...            ...                     ...                               ...                         ...                   ...                            ...                                      ...                                ...                  ...                           ...                                     ...                               ...
443        0.080648                 0.127026                           0.550897                     9.137821       0.051170                0.081758                          0.513853                   14.274494              0.626830                       1.027203                                 0.681922                           1.161875             0.745083                      1.149340                                0.614039                          0.856796
444        0.113692                 0.166275                           0.558518                     6.850684       0.058503                0.078666                          0.568482                   14.745613              0.788463                       0.762363                                 0.680352                           0.726783             0.835536                      0.535137                                0.653057                          0.572314
445        0.078657                 0.110509                           0.444724                    10.195203       0.038729                0.053563                          0.374535                   21.247357              0.235280                       0.299692                                 0.562679                           3.810440             0.246920                      0.294476                                0.507067                          3.889784
446        0.157193                 0.199129                           0.532074                     4.561544       0.098308                0.153458                          0.419367                    7.534790              0.483290                       0.681285                                 0.632543                           1.688166             0.441161                      0.615764                                0.680854                          1.866894
447        0.079656                 0.114976                           0.482787                     9.785644       0.049937                0.070621                          0.527080                   16.417991              0.618155                       0.804574                                 0.700729                           1.143555             0.680283                      0.942492                                0.712361                          0.990745

[359 rows x 16 columns] 

Clasele de antrenare sunt: 
 2      1.0
3      1.0
4      1.0
5      0.0
6      1.0
      ... 
443    0.0
444    0.0
445    1.0
446    1.0
447    0.0
Name: emotie, Length: 359, dtype: float64 

Instantele de test sunt: 
 0      1.0
1      0.0
12     1.0
20     1.0
24     0.0
      ... 
414    1.0
416    1.0
422    0.0
424    1.0
448    1.0
Name: emotie, Length: 90, dtype: float64 

Exista 90 instante de test
Clase reale: 
 [1. 0. 1. 1. 0. 1. 1. 0. 1. 0. 0. 1. 1. 1. 1. 1. 1. 1. 0. 1. 1. 1. 1. 1.
 0. 1. 0. 1. 0. 1. 0. 0. 1. 1. 0. 0. 1. 1. 1. 1. 1. 1. 1. 0. 1. 1. 1. 1.
 1. 1. 1. 1. 1. 1. 1. 1. 0. 0. 0. 0. 1. 1. 0. 1. 1. 1. 1. 1. 1. 1. 0. 1.
 1. 0. 0. 1. 1. 1. 1. 1. 1. 1. 1. 0. 1. 1. 1. 0. 1. 1.]
Numarul de zero-uri din setul initial: 24
Numarul de unu-uri din setul initial: 66
Clase predicted de random forest: 
 [1. 1. 1. 1. 1. 1. 1. 1. 1. 0. 1. 1. 1. 1. 1. 1. 1. 1. 1. 1. 1. 1. 1. 1.
 1. 0. 1. 1. 1. 1. 1. 1. 1. 1. 1. 1. 1. 0. 1. 1. 1. 1. 1. 1. 0. 1. 1. 1.
 1. 1. 0. 0. 0. 1. 1. 1. 1. 1. 1. 1. 1. 1. 1. 1. 1. 1. 1. 1. 1. 1. 1. 1.
 1. 1. 1. 1. 1. 1. 1. 1. 1. 1. 1. 1. 1. 1. 1. 1. 1. 1.]
              precision    recall  f1-score   support

         0.0       0.14      0.04      0.06        24
         1.0       0.72      0.91      0.81        66

    accuracy                           0.68        90
   macro avg       0.43      0.48      0.43        90
weighted avg       0.57      0.68      0.61        90

Acuratetea pt fold 1 este 0.6777777777777778 

FOLD:  2
Instantele de antrenare sunt: 
      PLI_alpha_cost  PLI_alpha_lungime_medie  PLI_alpha_coeficient_clusterizare  PLI_alpha_eficienta_globala  PLI_beta_cost  PLI_beta_lungime_medie  PLI_beta_coeficient_clusterizare  PLI_beta_eficienta_globala  coherence_alpha_cost  coherence_alpha_lungime_medie  coherence_alpha_coeficient_clusterizare  coherence_alpha_eficienta_globala  coherence_beta_cost  coherence_beta_lungime_medie  coherence_beta_coeficient_clusterizare  coherence_beta_eficienta_globala
0          0.084714                 0.113262                           0.374387                    10.056493       0.052270                0.072551                          0.650793                   15.761454              0.818025                       0.658844                                 0.617092                           0.637580             0.800016                      0.505166                                0.647604                          0.604709
1          0.077298                 0.084530                           0.528611                    13.708098       0.045401                0.065080                          0.530444                   17.367747              0.849250                       0.827223                                 0.696360                           0.663817             0.808556                      0.786120                                0.662911                          0.701350
2          0.067989                 0.092010                           0.501008                    10.519729       0.027318                0.038279                          0.453422                   29.556845              0.967118                       0.796578                                 0.691475                           0.526904             0.942435                      0.616994                                0.663080                          0.498425
3          0.087461                 0.128999                           0.363052                     8.766211       0.050699                0.072686                          0.508588                   15.762235              0.785471                       0.914402                                 0.679138                           0.779191             0.698988                      0.799791                                0.702481                          0.903790
4          0.063729                 0.090388                           0.407624                    12.571585       0.054592                0.080585                          0.460710                   14.124897              0.367095                       0.471807                                 0.624083                           1.932585             0.320895                      0.415963                                0.712543                          2.238589
..              ...                      ...                                ...                          ...            ...                     ...                               ...                         ...                   ...                            ...                                      ...                                ...                  ...                           ...                                     ...                               ...
442        0.093444                 0.136542                           0.421501                     8.244605       0.037914                0.052617                          0.522485                   21.520786              0.531672                       0.552479                                 0.634896                           1.305645             0.542265                      0.566614                                0.579696                          1.306476
443        0.080648                 0.127026                           0.550897                     9.137821       0.051170                0.081758                          0.513853                   14.274494              0.626830                       1.027203                                 0.681922                           1.161875             0.745083                      1.149340                                0.614039                          0.856796
444        0.113692                 0.166275                           0.558518                     6.850684       0.058503                0.078666                          0.568482                   14.745613              0.788463                       0.762363                                 0.680352                           0.726783             0.835536                      0.535137                                0.653057                          0.572314
446        0.157193                 0.199129                           0.532074                     4.561544       0.098308                0.153458                          0.419367                    7.534790              0.483290                       0.681285                                 0.632543                           1.688166             0.441161                      0.615764                                0.680854                          1.866894
448        0.075771                 0.111699                           0.456120                    10.278843       0.043357                0.062594                          0.440878                   18.004845              0.740766                       0.841554                                 0.687935                           0.841966             0.678129                      0.965971                                0.612192                          0.981997

[359 rows x 16 columns] 

Clasele de antrenare sunt: 
 0      1.0
1      0.0
2      1.0
3      1.0
4      1.0
      ... 
442    1.0
443    0.0
444    0.0
446    1.0
448    1.0
Name: emotie, Length: 359, dtype: float64 

Instantele de test sunt: 
 6      1.0
13     1.0
17     1.0
18     1.0
19     1.0
      ... 
423    1.0
436    1.0
438    1.0
445    1.0
447    0.0
Name: emotie, Length: 90, dtype: float64 

Exista 90 instante de test
Clase reale: 
 [1. 1. 1. 1. 1. 0. 1. 1. 1. 1. 1. 1. 1. 1. 1. 1. 1. 0. 0. 1. 0. 0. 1. 0.
 1. 0. 1. 1. 1. 1. 0. 1. 1. 1. 1. 1. 1. 1. 1. 1. 0. 0. 1. 1. 1. 1. 1. 1.
 0. 1. 1. 0. 1. 1. 1. 1. 0. 1. 1. 0. 1. 1. 0. 1. 1. 0. 1. 1. 0. 0. 1. 1.
 0. 1. 1. 0. 1. 1. 1. 0. 1. 1. 0. 0. 1. 1. 1. 1. 1. 0.]
Numarul de zero-uri din setul initial: 24
Numarul de unu-uri din setul initial: 66
Clase predicted de random forest: 
 [1. 1. 1. 1. 1. 0. 1. 1. 1. 1. 0. 1. 1. 1. 1. 1. 1. 1. 1. 1. 1. 1. 1. 1.
 1. 1. 1. 1. 1. 1. 0. 1. 1. 1. 1. 1. 1. 1. 1. 1. 1. 1. 1. 1. 1. 0. 1. 1.
 1. 1. 1. 0. 1. 1. 1. 1. 1. 1. 1. 1. 1. 1. 1. 1. 1. 1. 1. 1. 1. 1. 1. 1.
 1. 1. 1. 0. 1. 1. 1. 1. 0. 1. 1. 1. 1. 1. 1. 0. 1. 1.]
              precision    recall  f1-score   support

         0.0       0.50      0.17      0.25        24
         1.0       0.76      0.94      0.84        66

    accuracy                           0.73        90
   macro avg       0.63      0.55      0.54        90
weighted avg       0.69      0.73      0.68        90

Acuratetea pt fold 2 este 0.7333333333333333 

FOLD:  3
Instantele de antrenare sunt: 
      PLI_alpha_cost  PLI_alpha_lungime_medie  PLI_alpha_coeficient_clusterizare  PLI_alpha_eficienta_globala  PLI_beta_cost  PLI_beta_lungime_medie  PLI_beta_coeficient_clusterizare  PLI_beta_eficienta_globala  coherence_alpha_cost  coherence_alpha_lungime_medie  coherence_alpha_coeficient_clusterizare  coherence_alpha_eficienta_globala  coherence_beta_cost  coherence_beta_lungime_medie  coherence_beta_coeficient_clusterizare  coherence_beta_eficienta_globala
0          0.084714                 0.113262                           0.374387                    10.056493       0.052270                0.072551                          0.650793                   15.761454              0.818025                       0.658844                                 0.617092                           0.637580             0.800016                      0.505166                                0.647604                          0.604709
1          0.077298                 0.084530                           0.528611                    13.708098       0.045401                0.065080                          0.530444                   17.367747              0.849250                       0.827223                                 0.696360                           0.663817             0.808556                      0.786120                                0.662911                          0.701350
2          0.067989                 0.092010                           0.501008                    10.519729       0.027318                0.038279                          0.453422                   29.556845              0.967118                       0.796578                                 0.691475                           0.526904             0.942435                      0.616994                                0.663080                          0.498425
3          0.087461                 0.128999                           0.363052                     8.766211       0.050699                0.072686                          0.508588                   15.762235              0.785471                       0.914402                                 0.679138                           0.779191             0.698988                      0.799791                                0.702481                          0.903790
4          0.063729                 0.090388                           0.407624                    12.571585       0.054592                0.080585                          0.460710                   14.124897              0.367095                       0.471807                                 0.624083                           1.932585             0.320895                      0.415963                                0.712543                          2.238589
..              ...                      ...                                ...                          ...            ...                     ...                               ...                         ...                   ...                            ...                                      ...                                ...                  ...                           ...                                     ...                               ...
443        0.080648                 0.127026                           0.550897                     9.137821       0.051170                0.081758                          0.513853                   14.274494              0.626830                       1.027203                                 0.681922                           1.161875             0.745083                      1.149340                                0.614039                          0.856796
445        0.078657                 0.110509                           0.444724                    10.195203       0.038729                0.053563                          0.374535                   21.247357              0.235280                       0.299692                                 0.562679                           3.810440             0.246920                      0.294476                                0.507067                          3.889784
446        0.157193                 0.199129                           0.532074                     4.561544       0.098308                0.153458                          0.419367                    7.534790              0.483290                       0.681285                                 0.632543                           1.688166             0.441161                      0.615764                                0.680854                          1.866894
447        0.079656                 0.114976                           0.482787                     9.785644       0.049937                0.070621                          0.527080                   16.417991              0.618155                       0.804574                                 0.700729                           1.143555             0.680283                      0.942492                                0.712361                          0.990745
448        0.075771                 0.111699                           0.456120                    10.278843       0.043357                0.062594                          0.440878                   18.004845              0.740766                       0.841554                                 0.687935                           0.841966             0.678129                      0.965971                                0.612192                          0.981997

[359 rows x 16 columns] 

Clasele de antrenare sunt: 
 0      1.0
1      0.0
2      1.0
3      1.0
4      1.0
      ... 
443    0.0
445    1.0
446    1.0
447    0.0
448    1.0
Name: emotie, Length: 359, dtype: float64 

Instantele de test sunt: 
 7      1.0
8      1.0
15     0.0
16     1.0
21     1.0
      ... 
425    1.0
432    1.0
439    1.0
440    1.0
444    0.0
Name: emotie, Length: 90, dtype: float64 

Exista 90 instante de test
Clase reale: 
 [1. 1. 0. 1. 1. 0. 1. 1. 0. 1. 0. 0. 0. 1. 1. 0. 1. 0. 1. 1. 1. 1. 1. 1.
 0. 0. 1. 1. 1. 1. 1. 0. 1. 0. 1. 1. 0. 1. 1. 1. 1. 0. 1. 0. 1. 0. 1. 0.
 1. 0. 1. 1. 1. 1. 1. 1. 0. 0. 1. 0. 1. 1. 1. 1. 1. 1. 1. 1. 1. 1. 1. 0.
 0. 1. 1. 1. 1. 1. 1. 1. 1. 1. 1. 1. 1. 1. 1. 1. 1. 0.]
Numarul de zero-uri din setul initial: 24
Numarul de unu-uri din setul initial: 66
Clase predicted de random forest: 
 [1. 1. 1. 1. 1. 1. 1. 1. 1. 1. 1. 1. 1. 1. 1. 0. 1. 1. 0. 1. 1. 1. 1. 1.
 1. 1. 1. 1. 0. 1. 1. 1. 0. 1. 0. 1. 0. 1. 1. 1. 1. 1. 1. 1. 0. 1. 1. 1.
 1. 1. 1. 0. 1. 1. 1. 1. 1. 1. 1. 1. 1. 1. 1. 1. 1. 1. 1. 1. 1. 1. 1. 0.
 1. 1. 1. 1. 1. 1. 1. 1. 1. 1. 1. 1. 1. 1. 1. 1. 1. 0.]
              precision    recall  f1-score   support

         0.0       0.40      0.17      0.24        24
         1.0       0.75      0.91      0.82        66

    accuracy                           0.71        90
   macro avg       0.57      0.54      0.53        90
weighted avg       0.66      0.71      0.67        90

Acuratetea pt fold 3 este 0.7111111111111111 

FOLD:  4
Instantele de antrenare sunt: 
      PLI_alpha_cost  PLI_alpha_lungime_medie  PLI_alpha_coeficient_clusterizare  PLI_alpha_eficienta_globala  PLI_beta_cost  PLI_beta_lungime_medie  PLI_beta_coeficient_clusterizare  PLI_beta_eficienta_globala  coherence_alpha_cost  coherence_alpha_lungime_medie  coherence_alpha_coeficient_clusterizare  coherence_alpha_eficienta_globala  coherence_beta_cost  coherence_beta_lungime_medie  coherence_beta_coeficient_clusterizare  coherence_beta_eficienta_globala
0          0.084714                 0.113262                           0.374387                    10.056493       0.052270                0.072551                          0.650793                   15.761454              0.818025                       0.658844                                 0.617092                           0.637580             0.800016                      0.505166                                0.647604                          0.604709
1          0.077298                 0.084530                           0.528611                    13.708098       0.045401                0.065080                          0.530444                   17.367747              0.849250                       0.827223                                 0.696360                           0.663817             0.808556                      0.786120                                0.662911                          0.701350
3          0.087461                 0.128999                           0.363052                     8.766211       0.050699                0.072686                          0.508588                   15.762235              0.785471                       0.914402                                 0.679138                           0.779191             0.698988                      0.799791                                0.702481                          0.903790
6          0.115460                 0.146495                           0.552205                     6.211182       0.066436                0.097952                          0.440191                   11.669549              0.814026                       0.513424                                 0.647503                           0.593083             0.815481                      0.517964                                0.648135                          0.590871
7          0.076116                 0.106312                           0.492122                    10.726670       0.040966                0.060451                          0.414521                   18.944987              0.437922                       0.620586                                 0.686265                           1.868129             0.383430                      0.540469                                0.547167                          2.169859
..              ...                      ...                                ...                          ...            ...                     ...                               ...                         ...                   ...                            ...                                      ...                                ...                  ...                           ...                                     ...                               ...
440        0.081073                 0.118441                           0.493370                     9.645269       0.063400                0.091416                          0.491045                   12.350871              0.339520                       0.480790                                 0.604591                           2.456160             0.337749                      0.379839                                0.577100                          2.385036
444        0.113692                 0.166275                           0.558518                     6.850684       0.058503                0.078666                          0.568482                   14.745613              0.788463                       0.762363                                 0.680352                           0.726783             0.835536                      0.535137                                0.653057                          0.572314
445        0.078657                 0.110509                           0.444724                    10.195203       0.038729                0.053563                          0.374535                   21.247357              0.235280                       0.299692                                 0.562679                           3.810440             0.246920                      0.294476                                0.507067                          3.889784
447        0.079656                 0.114976                           0.482787                     9.785644       0.049937                0.070621                          0.527080                   16.417991              0.618155                       0.804574                                 0.700729                           1.143555             0.680283                      0.942492                                0.712361                          0.990745
448        0.075771                 0.111699                           0.456120                    10.278843       0.043357                0.062594                          0.440878                   18.004845              0.740766                       0.841554                                 0.687935                           0.841966             0.678129                      0.965971                                0.612192                          0.981997

[359 rows x 16 columns] 

Clasele de antrenare sunt: 
 0      1.0
1      0.0
3      1.0
6      1.0
7      1.0
      ... 
440    1.0
444    0.0
445    1.0
447    0.0
448    1.0
Name: emotie, Length: 359, dtype: float64 

Instantele de test sunt: 
 2      1.0
4      1.0
5      0.0
10     1.0
23     1.0
      ... 
435    1.0
441    1.0
442    1.0
443    0.0
446    1.0
Name: emotie, Length: 90, dtype: float64 

Exista 90 instante de test
Clase reale: 
 [1. 1. 0. 1. 1. 1. 1. 1. 1. 1. 1. 0. 1. 1. 0. 1. 1. 1. 1. 1. 1. 0. 1. 1.
 1. 1. 0. 1. 1. 1. 0. 0. 1. 1. 1. 1. 1. 0. 0. 0. 1. 0. 0. 1. 1. 1. 1. 1.
 1. 1. 1. 1. 1. 1. 1. 1. 0. 1. 1. 0. 1. 1. 0. 0. 1. 1. 1. 1. 1. 0. 1. 0.
 0. 1. 0. 0. 1. 1. 1. 1. 1. 1. 0. 0. 0. 1. 1. 1. 0. 1.]
Numarul de zero-uri din setul initial: 25
Numarul de unu-uri din setul initial: 65
Clase predicted de random forest: 
 [1. 1. 1. 1. 1. 1. 1. 1. 1. 1. 1. 1. 1. 1. 1. 0. 1. 1. 1. 1. 1. 1. 1. 1.
 1. 1. 1. 1. 1. 1. 1. 1. 1. 1. 1. 1. 1. 1. 1. 1. 1. 0. 1. 1. 1. 1. 1. 1.
 1. 1. 0. 1. 1. 1. 1. 1. 1. 1. 1. 1. 0. 1. 1. 1. 1. 1. 1. 1. 1. 1. 0. 1.
 1. 1. 1. 1. 1. 1. 1. 1. 1. 1. 1. 1. 1. 1. 1. 1. 1. 1.]
              precision    recall  f1-score   support

         0.0       0.20      0.04      0.07        25
         1.0       0.72      0.94      0.81        65

    accuracy                           0.69        90
   macro avg       0.46      0.49      0.44        90
weighted avg       0.57      0.69      0.61        90

Acuratetea pt fold 4 este 0.6888888888888889 

FOLD:  5
Instantele de antrenare sunt: 
      PLI_alpha_cost  PLI_alpha_lungime_medie  PLI_alpha_coeficient_clusterizare  PLI_alpha_eficienta_globala  PLI_beta_cost  PLI_beta_lungime_medie  PLI_beta_coeficient_clusterizare  PLI_beta_eficienta_globala  coherence_alpha_cost  coherence_alpha_lungime_medie  coherence_alpha_coeficient_clusterizare  coherence_alpha_eficienta_globala  coherence_beta_cost  coherence_beta_lungime_medie  coherence_beta_coeficient_clusterizare  coherence_beta_eficienta_globala
0          0.084714                 0.113262                           0.374387                    10.056493       0.052270                0.072551                          0.650793                   15.761454              0.818025                       0.658844                                 0.617092                           0.637580             0.800016                      0.505166                                0.647604                          0.604709
1          0.077298                 0.084530                           0.528611                    13.708098       0.045401                0.065080                          0.530444                   17.367747              0.849250                       0.827223                                 0.696360                           0.663817             0.808556                      0.786120                                0.662911                          0.701350
2          0.067989                 0.092010                           0.501008                    10.519729       0.027318                0.038279                          0.453422                   29.556845              0.967118                       0.796578                                 0.691475                           0.526904             0.942435                      0.616994                                0.663080                          0.498425
4          0.063729                 0.090388                           0.407624                    12.571585       0.054592                0.080585                          0.460710                   14.124897              0.367095                       0.471807                                 0.624083                           1.932585             0.320895                      0.415963                                0.712543                          2.238589
5          0.059783                 0.084066                           0.355920                    13.477765       0.050304                0.072107                          0.560166                   15.624152              0.403027                       0.462529                                 0.536527                           1.953181             0.369012                      0.366809                                0.497258                          1.925336
..              ...                      ...                                ...                          ...            ...                     ...                               ...                         ...                   ...                            ...                                      ...                                ...                  ...                           ...                                     ...                               ...
444        0.113692                 0.166275                           0.558518                     6.850684       0.058503                0.078666                          0.568482                   14.745613              0.788463                       0.762363                                 0.680352                           0.726783             0.835536                      0.535137                                0.653057                          0.572314
445        0.078657                 0.110509                           0.444724                    10.195203       0.038729                0.053563                          0.374535                   21.247357              0.235280                       0.299692                                 0.562679                           3.810440             0.246920                      0.294476                                0.507067                          3.889784
446        0.157193                 0.199129                           0.532074                     4.561544       0.098308                0.153458                          0.419367                    7.534790              0.483290                       0.681285                                 0.632543                           1.688166             0.441161                      0.615764                                0.680854                          1.866894
447        0.079656                 0.114976                           0.482787                     9.785644       0.049937                0.070621                          0.527080                   16.417991              0.618155                       0.804574                                 0.700729                           1.143555             0.680283                      0.942492                                0.712361                          0.990745
448        0.075771                 0.111699                           0.456120                    10.278843       0.043357                0.062594                          0.440878                   18.004845              0.740766                       0.841554                                 0.687935                           0.841966             0.678129                      0.965971                                0.612192                          0.981997

[360 rows x 16 columns] 

Clasele de antrenare sunt: 
 0      1.0
1      0.0
2      1.0
4      1.0
5      0.0
      ... 
444    0.0
445    1.0
446    1.0
447    0.0
448    1.0
Name: emotie, Length: 360, dtype: float64 

Instantele de test sunt: 
 3      1.0
9      1.0
11     1.0
14     1.0
27     1.0
      ... 
418    0.0
427    0.0
429    1.0
433    1.0
437    0.0
Name: emotie, Length: 89, dtype: float64 

Exista 89 instante de test
Clase reale: 
 [1. 1. 1. 1. 1. 1. 1. 1. 1. 1. 1. 1. 1. 1. 1. 1. 0. 1. 1. 1. 1. 1. 1. 1.
 1. 0. 1. 1. 1. 1. 0. 1. 1. 1. 1. 1. 0. 0. 1. 0. 1. 1. 1. 1. 0. 1. 1. 0.
 1. 1. 0. 1. 1. 1. 0. 0. 1. 1. 1. 0. 1. 0. 1. 1. 1. 1. 1. 0. 0. 0. 1. 1.
 1. 0. 1. 0. 1. 0. 0. 1. 1. 0. 1. 1. 0. 0. 1. 1. 0.]
Numarul de zero-uri din setul initial: 24
Numarul de unu-uri din setul initial: 65
Clase predicted de random forest: 
 [1. 1. 1. 1. 1. 1. 1. 1. 1. 1. 1. 1. 1. 1. 0. 1. 1. 1. 1. 1. 1. 0. 1. 1.
 1. 1. 1. 1. 1. 1. 1. 1. 1. 1. 1. 1. 1. 1. 1. 0. 1. 1. 1. 1. 1. 1. 1. 1.
 1. 1. 1. 1. 1. 1. 0. 1. 1. 1. 1. 1. 1. 1. 1. 0. 1. 1. 1. 1. 1. 1. 1. 1.
 1. 0. 1. 1. 1. 0. 1. 1. 1. 1. 1. 1. 1. 1. 1. 1. 1.]
              precision    recall  f1-score   support

         0.0       0.57      0.17      0.26        24
         1.0       0.76      0.95      0.84        65

    accuracy                           0.74        89
   macro avg       0.66      0.56      0.55        89
weighted avg       0.71      0.74      0.69        89

Acuratetea pt fold 5 este 0.7415730337078652 

ACURATETEA MEDIE DETERMINATA ESTE 0.7105368289637952 

