FOLD:  1
Instantele de antrenare sunt: 
      coherence_alpha_cost  coherence_alpha_lungime_medie  coherence_alpha_coeficient_clusterizare  coherence_alpha_eficienta_globala  coherence_beta_cost  coherence_beta_lungime_medie  coherence_beta_coeficient_clusterizare  coherence_beta_eficienta_globala
0                0.878456                       0.876776                                 0.655311                           0.634000             0.863334                      0.842915                                0.655990                          0.650652
1                0.330404                       0.441246                                 0.549810                           2.615588             0.353326                      0.366680                                0.631366                          2.548932
2                0.617235                       0.555042                                 0.653902                           1.039565             0.475057                      0.436966                                0.649184                          1.657229
3                0.389072                       0.456759                                 0.561841                           1.977116             0.445713                      0.520947                                0.547703                          1.765901
4                0.929162                       0.780102                                 0.662201                           0.546209             0.952485                      0.629569                                0.669697                          0.491812
..                    ...                            ...                                      ...                                ...                  ...                           ...                                     ...                               ...
234              0.809816                       0.768521                                 0.702091                           0.706410             0.813577                      0.643128                                0.634043                          0.643752
235              0.973017                       0.836672                                 0.593415                           0.517145             0.942598                      0.615621                                0.660222                          0.498794
238              0.845653                       0.821142                                 0.664856                           0.666837             0.758621                      0.846110                                0.710238                          0.834163
240              0.602082                       0.820047                                 0.563197                           1.168710             0.541263                      0.613817                                0.579304                          1.202540
241              0.446670                       0.545495                                 0.562364                           1.675238             0.619550                      0.379394                                0.621146                          0.807123

[193 rows x 8 columns] 

Clasele de antrenare sunt: 
 0      0.0
1      0.0
2      1.0
3      0.0
4      1.0
      ... 
234    0.0
235    1.0
238    0.0
240    0.0
241    0.0
Name: emotie, Length: 193, dtype: float64 

Instantele de test sunt: 
 21     0.0
22     1.0
25     1.0
42     1.0
46     0.0
47     1.0
56     1.0
67     0.0
72     0.0
84     1.0
90     1.0
92     0.0
97     1.0
98     0.0
100    1.0
103    0.0
119    0.0
130    0.0
133    0.0
139    1.0
144    0.0
149    1.0
152    1.0
154    1.0
162    1.0
164    0.0
169    1.0
170    0.0
173    1.0
174    0.0
175    1.0
181    0.0
193    1.0
194    0.0
201    0.0
203    0.0
206    0.0
210    1.0
212    0.0
214    1.0
221    0.0
222    1.0
223    1.0
224    0.0
225    1.0
231    0.0
236    0.0
237    1.0
239    0.0
Name: emotie, dtype: float64 

Exista 49 instante de test
Clase reale: 
 [0. 1. 1. 1. 0. 1. 1. 0. 0. 1. 1. 0. 1. 0. 1. 0. 0. 0. 0. 1. 0. 1. 1. 1.
 1. 0. 1. 0. 1. 0. 1. 0. 1. 0. 0. 0. 0. 1. 0. 1. 0. 1. 1. 0. 1. 0. 0. 1.
 0.]
Numarul de zero-uri din setul initial: 25
Numarul de unu-uri din setul initial: 24
Clase predicted de random forest: 
 [1. 1. 0. 0. 1. 0. 0. 0. 0. 0. 0. 0. 0. 0. 0. 1. 0. 0. 1. 0. 0. 1. 0. 1.
 1. 0. 0. 1. 0. 0. 1. 0. 1. 0. 0. 1. 0. 1. 0. 0. 1. 1. 0. 1. 1. 0. 1. 0.
 0.]
              precision    recall  f1-score   support

         0.0       0.52      0.64      0.57        25
         1.0       0.50      0.38      0.43        24

    accuracy                           0.51        49
   macro avg       0.51      0.51      0.50        49
weighted avg       0.51      0.51      0.50        49

Acuratetea pt fold 1 este 0.5102040816326531 

Matricea de confuzie pt fold 1 este: 
 [[16  9]
 [15  9]]
FOLD:  2
Instantele de antrenare sunt: 
      coherence_alpha_cost  coherence_alpha_lungime_medie  coherence_alpha_coeficient_clusterizare  coherence_alpha_eficienta_globala  coherence_beta_cost  coherence_beta_lungime_medie  coherence_beta_coeficient_clusterizare  coherence_beta_eficienta_globala
0                0.878456                       0.876776                                 0.655311                           0.634000             0.863334                      0.842915                                0.655990                          0.650652
1                0.330404                       0.441246                                 0.549810                           2.615588             0.353326                      0.366680                                0.631366                          2.548932
2                0.617235                       0.555042                                 0.653902                           1.039565             0.475057                      0.436966                                0.649184                          1.657229
3                0.389072                       0.456759                                 0.561841                           1.977116             0.445713                      0.520947                                0.547703                          1.765901
5                0.449914                       0.486778                                 0.600815                           1.488949             0.496616                      0.372090                                0.597680                          1.136164
..                    ...                            ...                                      ...                                ...                  ...                           ...                                     ...                               ...
236              0.981978                       0.675061                                 0.602195                           0.472033             0.958053                      0.629462                                0.673034                          0.489469
237              0.751078                       0.581892                                 0.672484                           0.714014             0.750960                      0.466547                                0.653228                          0.652676
238              0.845653                       0.821142                                 0.664856                           0.666837             0.758621                      0.846110                                0.710238                          0.834163
239              0.379151                       0.577133                                 0.676692                           2.002584             0.313612                      0.397332                                0.742171                          2.309291
240              0.602082                       0.820047                                 0.563197                           1.168710             0.541263                      0.613817                                0.579304                          1.202540

[193 rows x 8 columns] 

Clasele de antrenare sunt: 
 0      0.0
1      0.0
2      1.0
3      0.0
5      0.0
      ... 
236    0.0
237    1.0
238    0.0
239    0.0
240    0.0
Name: emotie, Length: 193, dtype: float64 

Instantele de test sunt: 
 4      1.0
10     0.0
11     0.0
15     1.0
16     0.0
26     1.0
31     1.0
37     1.0
39     1.0
50     1.0
51     1.0
57     0.0
59     1.0
60     0.0
63     0.0
64     0.0
69     0.0
71     0.0
73     1.0
76     0.0
77     0.0
79     1.0
80     0.0
85     0.0
89     1.0
93     0.0
99     1.0
105    0.0
108    0.0
112    1.0
115    0.0
117    1.0
118    0.0
123    1.0
125    1.0
128    1.0
136    0.0
140    0.0
150    1.0
153    1.0
167    1.0
177    1.0
197    0.0
198    0.0
209    0.0
211    1.0
217    1.0
235    1.0
241    0.0
Name: emotie, dtype: float64 

Exista 49 instante de test
Clase reale: 
 [1. 0. 0. 1. 0. 1. 1. 1. 1. 1. 1. 0. 1. 0. 0. 0. 0. 0. 1. 0. 0. 1. 0. 0.
 1. 0. 1. 0. 0. 1. 0. 1. 0. 1. 1. 1. 0. 0. 1. 1. 1. 1. 0. 0. 0. 1. 1. 1.
 0.]
Numarul de zero-uri din setul initial: 24
Numarul de unu-uri din setul initial: 25
Clase predicted de random forest: 
 [0. 1. 0. 1. 0. 1. 1. 1. 1. 1. 1. 1. 0. 0. 0. 1. 0. 1. 1. 1. 0. 0. 1. 1.
 1. 1. 0. 0. 0. 1. 1. 0. 1. 1. 0. 1. 1. 0. 0. 0. 1. 0. 1. 1. 0. 1. 0. 0.
 1.]
              precision    recall  f1-score   support

         0.0       0.48      0.42      0.44        24
         1.0       0.50      0.56      0.53        25

    accuracy                           0.49        49
   macro avg       0.49      0.49      0.49        49
weighted avg       0.49      0.49      0.49        49

Acuratetea pt fold 2 este 0.4897959183673469 

Matricea de confuzie pt fold 2 este: 
 [[10 14]
 [11 14]]
FOLD:  3
Instantele de antrenare sunt: 
      coherence_alpha_cost  coherence_alpha_lungime_medie  coherence_alpha_coeficient_clusterizare  coherence_alpha_eficienta_globala  coherence_beta_cost  coherence_beta_lungime_medie  coherence_beta_coeficient_clusterizare  coherence_beta_eficienta_globala
0                0.878456                       0.876776                                 0.655311                           0.634000             0.863334                      0.842915                                0.655990                          0.650652
2                0.617235                       0.555042                                 0.653902                           1.039565             0.475057                      0.436966                                0.649184                          1.657229
4                0.929162                       0.780102                                 0.662201                           0.546209             0.952485                      0.629569                                0.669697                          0.491812
5                0.449914                       0.486778                                 0.600815                           1.488949             0.496616                      0.372090                                0.597680                          1.136164
6                0.665571                       0.757871                                 0.745393                           0.944708             0.751207                      0.758604                                0.608164                          0.746410
..                    ...                            ...                                      ...                                ...                  ...                           ...                                     ...                               ...
236              0.981978                       0.675061                                 0.602195                           0.472033             0.958053                      0.629462                                0.673034                          0.489469
237              0.751078                       0.581892                                 0.672484                           0.714014             0.750960                      0.466547                                0.653228                          0.652676
239              0.379151                       0.577133                                 0.676692                           2.002584             0.313612                      0.397332                                0.742171                          2.309291
240              0.602082                       0.820047                                 0.563197                           1.168710             0.541263                      0.613817                                0.579304                          1.202540
241              0.446670                       0.545495                                 0.562364                           1.675238             0.619550                      0.379394                                0.621146                          0.807123

[194 rows x 8 columns] 

Clasele de antrenare sunt: 
 0      0.0
2      1.0
4      1.0
5      0.0
6      1.0
      ... 
236    0.0
237    1.0
239    0.0
240    0.0
241    0.0
Name: emotie, Length: 194, dtype: float64 

Instantele de test sunt: 
 1      0.0
3      0.0
9      1.0
14     1.0
24     1.0
28     0.0
34     1.0
38     1.0
40     0.0
43     0.0
65     0.0
66     0.0
68     0.0
81     0.0
86     0.0
87     0.0
107    0.0
110    1.0
111    1.0
113    0.0
114    1.0
116    1.0
122    1.0
124    1.0
127    0.0
131    0.0
147    1.0
155    1.0
156    1.0
157    0.0
158    1.0
160    1.0
168    0.0
171    0.0
172    0.0
178    1.0
180    1.0
183    1.0
188    0.0
190    1.0
200    1.0
207    0.0
208    1.0
213    0.0
226    0.0
232    1.0
233    1.0
238    0.0
Name: emotie, dtype: float64 

Exista 48 instante de test
Clase reale: 
 [0. 0. 1. 1. 1. 0. 1. 1. 0. 0. 0. 0. 0. 0. 0. 0. 0. 1. 1. 0. 1. 1. 1. 1.
 0. 0. 1. 1. 1. 0. 1. 1. 0. 0. 0. 1. 1. 1. 0. 1. 1. 0. 1. 0. 0. 1. 1. 0.]
Numarul de zero-uri din setul initial: 24
Numarul de unu-uri din setul initial: 24
Clase predicted de random forest: 
 [0. 0. 1. 0. 1. 0. 0. 1. 1. 0. 0. 1. 1. 0. 0. 0. 0. 0. 1. 0. 1. 1. 1. 0.
 1. 1. 1. 1. 1. 0. 0. 1. 1. 1. 1. 1. 1. 0. 1. 1. 1. 0. 1. 1. 1. 1. 1. 0.]
              precision    recall  f1-score   support

         0.0       0.68      0.54      0.60        24
         1.0       0.62      0.75      0.68        24

    accuracy                           0.65        48
   macro avg       0.65      0.65      0.64        48
weighted avg       0.65      0.65      0.64        48

Acuratetea pt fold 3 este 0.6458333333333334 

Matricea de confuzie pt fold 3 este: 
 [[13 11]
 [ 6 18]]
FOLD:  4
Instantele de antrenare sunt: 
      coherence_alpha_cost  coherence_alpha_lungime_medie  coherence_alpha_coeficient_clusterizare  coherence_alpha_eficienta_globala  coherence_beta_cost  coherence_beta_lungime_medie  coherence_beta_coeficient_clusterizare  coherence_beta_eficienta_globala
1                0.330404                       0.441246                                 0.549810                           2.615588             0.353326                      0.366680                                0.631366                          2.548932
3                0.389072                       0.456759                                 0.561841                           1.977116             0.445713                      0.520947                                0.547703                          1.765901
4                0.929162                       0.780102                                 0.662201                           0.546209             0.952485                      0.629569                                0.669697                          0.491812
5                0.449914                       0.486778                                 0.600815                           1.488949             0.496616                      0.372090                                0.597680                          1.136164
7                0.575424                       0.895614                                 0.720741                           1.304660             0.530702                      0.799041                                0.694038                          1.437350
..                    ...                            ...                                      ...                                ...                  ...                           ...                                     ...                               ...
237              0.751078                       0.581892                                 0.672484                           0.714014             0.750960                      0.466547                                0.653228                          0.652676
238              0.845653                       0.821142                                 0.664856                           0.666837             0.758621                      0.846110                                0.710238                          0.834163
239              0.379151                       0.577133                                 0.676692                           2.002584             0.313612                      0.397332                                0.742171                          2.309291
240              0.602082                       0.820047                                 0.563197                           1.168710             0.541263                      0.613817                                0.579304                          1.202540
241              0.446670                       0.545495                                 0.562364                           1.675238             0.619550                      0.379394                                0.621146                          0.807123

[194 rows x 8 columns] 

Clasele de antrenare sunt: 
 1      0.0
3      0.0
4      1.0
5      0.0
7      1.0
      ... 
237    1.0
238    0.0
239    0.0
240    0.0
241    0.0
Name: emotie, Length: 194, dtype: float64 

Instantele de test sunt: 
 0      0.0
2      1.0
6      1.0
8      0.0
12     0.0
17     1.0
23     0.0
29     1.0
36     1.0
41     1.0
44     1.0
52     1.0
53     0.0
61     0.0
70     0.0
74     1.0
82     0.0
83     0.0
88     0.0
94     0.0
101    0.0
106    1.0
120    0.0
121    0.0
126    0.0
129    1.0
132    1.0
143    0.0
145    1.0
146    0.0
148    1.0
151    1.0
163    1.0
176    1.0
182    0.0
184    0.0
185    0.0
186    1.0
202    0.0
204    1.0
215    1.0
216    1.0
219    1.0
220    0.0
227    1.0
228    1.0
230    0.0
234    0.0
Name: emotie, dtype: float64 

Exista 48 instante de test
Clase reale: 
 [0. 1. 1. 0. 0. 1. 0. 1. 1. 1. 1. 1. 0. 0. 0. 1. 0. 0. 0. 0. 0. 1. 0. 0.
 0. 1. 1. 0. 1. 0. 1. 1. 1. 1. 0. 0. 0. 1. 0. 1. 1. 1. 1. 0. 1. 1. 0. 0.]
Numarul de zero-uri din setul initial: 24
Numarul de unu-uri din setul initial: 24
Clase predicted de random forest: 
 [0. 0. 0. 0. 0. 0. 0. 0. 1. 0. 0. 0. 0. 1. 0. 0. 1. 1. 1. 0. 1. 0. 1. 0.
 1. 1. 0. 1. 0. 1. 1. 1. 1. 1. 1. 1. 0. 1. 0. 0. 1. 1. 1. 0. 0. 1. 0. 0.]
              precision    recall  f1-score   support

         0.0       0.50      0.54      0.52        24
         1.0       0.50      0.46      0.48        24

    accuracy                           0.50        48
   macro avg       0.50      0.50      0.50        48
weighted avg       0.50      0.50      0.50        48

Acuratetea pt fold 4 este 0.5 

Matricea de confuzie pt fold 4 este: 
 [[13 11]
 [13 11]]
FOLD:  5
Instantele de antrenare sunt: 
      coherence_alpha_cost  coherence_alpha_lungime_medie  coherence_alpha_coeficient_clusterizare  coherence_alpha_eficienta_globala  coherence_beta_cost  coherence_beta_lungime_medie  coherence_beta_coeficient_clusterizare  coherence_beta_eficienta_globala
0                0.878456                       0.876776                                 0.655311                           0.634000             0.863334                      0.842915                                0.655990                          0.650652
1                0.330404                       0.441246                                 0.549810                           2.615588             0.353326                      0.366680                                0.631366                          2.548932
2                0.617235                       0.555042                                 0.653902                           1.039565             0.475057                      0.436966                                0.649184                          1.657229
3                0.389072                       0.456759                                 0.561841                           1.977116             0.445713                      0.520947                                0.547703                          1.765901
4                0.929162                       0.780102                                 0.662201                           0.546209             0.952485                      0.629569                                0.669697                          0.491812
..                    ...                            ...                                      ...                                ...                  ...                           ...                                     ...                               ...
236              0.981978                       0.675061                                 0.602195                           0.472033             0.958053                      0.629462                                0.673034                          0.489469
237              0.751078                       0.581892                                 0.672484                           0.714014             0.750960                      0.466547                                0.653228                          0.652676
238              0.845653                       0.821142                                 0.664856                           0.666837             0.758621                      0.846110                                0.710238                          0.834163
239              0.379151                       0.577133                                 0.676692                           2.002584             0.313612                      0.397332                                0.742171                          2.309291
241              0.446670                       0.545495                                 0.562364                           1.675238             0.619550                      0.379394                                0.621146                          0.807123

[194 rows x 8 columns] 

Clasele de antrenare sunt: 
 0      0.0
1      0.0
2      1.0
3      0.0
4      1.0
      ... 
236    0.0
237    1.0
238    0.0
239    0.0
241    0.0
Name: emotie, Length: 194, dtype: float64 

Instantele de test sunt: 
 5      0.0
7      1.0
13     1.0
18     0.0
19     0.0
20     0.0
27     0.0
30     1.0
32     0.0
33     1.0
35     0.0
45     0.0
48     0.0
49     0.0
54     0.0
55     1.0
58     1.0
62     0.0
75     0.0
78     0.0
91     1.0
95     1.0
96     0.0
102    1.0
104    0.0
109    0.0
134    0.0
135    1.0
137    1.0
138    0.0
141    1.0
142    1.0
159    1.0
161    1.0
165    0.0
166    1.0
179    0.0
187    1.0
189    0.0
191    1.0
192    1.0
195    1.0
196    1.0
199    1.0
205    0.0
218    1.0
229    1.0
240    0.0
Name: emotie, dtype: float64 

Exista 48 instante de test
Clase reale: 
 [0. 1. 1. 0. 0. 0. 0. 1. 0. 1. 0. 0. 0. 0. 0. 1. 1. 0. 0. 0. 1. 1. 0. 1.
 0. 0. 0. 1. 1. 0. 1. 1. 1. 1. 0. 1. 0. 1. 0. 1. 1. 1. 1. 1. 0. 1. 1. 0.]
Numarul de zero-uri din setul initial: 24
Numarul de unu-uri din setul initial: 24
Clase predicted de random forest: 
 [1. 1. 0. 0. 0. 0. 1. 0. 1. 1. 0. 0. 1. 0. 1. 0. 1. 0. 1. 0. 1. 1. 0. 1.
 1. 1. 1. 1. 1. 0. 0. 1. 1. 1. 0. 1. 1. 0. 1. 0. 1. 1. 1. 1. 1. 0. 0. 1.]
              precision    recall  f1-score   support

         0.0       0.58      0.46      0.51        24
         1.0       0.55      0.67      0.60        24

    accuracy                           0.56        48
   macro avg       0.57      0.56      0.56        48
weighted avg       0.57      0.56      0.56        48

Acuratetea pt fold 5 este 0.5625 

Matricea de confuzie pt fold 5 este: 
 [[11 13]
 [ 8 16]]
ACURATETEA MEDIE DETERMINATA ESTE 0.5416666666666667 

Matricea de confuzie finala este: 
 [[63. 58.]
 [53. 68.]]
