FOLD:  1
Instantele de antrenare sunt: 
      PLI_alpha_cost  PLI_alpha_lungime_medie  PLI_alpha_coeficient_clusterizare  PLI_alpha_eficienta_globala  PLI_beta_cost  PLI_beta_lungime_medie  PLI_beta_coeficient_clusterizare  PLI_beta_eficienta_globala  WPLI_alpha_cost  WPLI_alpha_lungime_medie  WPLI_alpha_coeficient_clusterizare  WPLI_alpha_eficienta_globala  WPLI_beta_cost  WPLI_beta_lungime_medie  WPLI_beta_coeficient_clusterizare  WPLI_beta_eficienta_globala  coherence_alpha_cost  coherence_alpha_lungime_medie  coherence_alpha_coeficient_clusterizare  coherence_alpha_eficienta_globala  coherence_beta_cost  coherence_beta_lungime_medie  coherence_beta_coeficient_clusterizare  coherence_beta_eficienta_globala
11         0.154043                 0.170078                           0.488802                     4.174990       0.076177                0.095604                          0.557970                    9.508455         0.266823                  0.339049                            0.561111                      2.671963        0.112012                 0.162897                           0.532212                     6.953230              0.890522                       0.590223                                 0.656421                           0.533442             0.926146                      0.613908                                0.656140                          0.506026
104        0.079973                 0.111039                           0.444714                    10.348672       0.039136                0.059084                          0.522382                   19.781174         0.135676                  0.197457                            0.330546                      5.728435        0.055365                 0.080643                           0.385399                    14.017928              0.454113                       0.575172                                 0.523418                           2.033584             0.394161                      0.489021                                0.585874                          2.392362
4          0.074732                 0.107478                           0.447057                    10.736350       0.038162                0.056677                          0.526001                   20.175167         0.089495                  0.124449                            0.655723                      9.071670        0.102455                 0.155623                           0.506653                     7.405485              0.416011                       0.492084                                 0.619537                           1.841753             0.404541                      0.375487                                0.607154                          1.954774
85         0.173431                 0.222338                           0.446157                     4.090760       0.036049                0.050243                          0.377254                   22.370149         0.214648                  0.322742                            0.442789                      3.516366        0.048304                 0.067848                           0.362030                    16.651255              0.630115                       0.837340                                 0.576403                           1.142151             0.590777                      0.428264                                0.638224                          0.989106
5          0.102664                 0.159328                           0.550785                     7.411236       0.054302                0.073704                          0.446290                   15.790455         0.130258                  0.194053                            0.522067                      5.885164        0.066723                 0.090510                           0.426176                    12.623789              0.373677                       0.491662                                 0.702831                           1.878436             0.278327                      0.344293                                0.729920                          2.682547
..              ...                      ...                                ...                          ...            ...                     ...                               ...                         ...              ...                       ...                                 ...                           ...             ...                      ...                                ...                          ...                   ...                            ...                                      ...                                ...                  ...                           ...                                     ...                               ...
64         0.097531                 0.143318                           0.332232                     7.912048       0.069459                0.087993                          0.445136                   10.250023         0.119926                  0.177158                            0.408229                      6.422930        0.085809                 0.127601                           0.410029                     8.984873              0.469741                       0.520023                                 0.673939                           1.415898             0.493824                      0.439402                                0.670622                          1.258820
120        0.097132                 0.145906                           0.547917                     7.850269       0.083946                0.120117                          0.385108                    9.399075         0.111692                  0.165456                            0.439310                      6.770615        0.040765                 0.058399                           0.464521                    19.515519              0.614018                       0.838104                                 0.609650                           1.159457             0.641143                      0.506335                                0.619013                          0.849416
109        0.098807                 0.145553                           0.558175                     7.864472       0.063014                0.093161                          0.564461                   12.378026         0.118884                  0.168588                            0.596924                      6.742365        0.075817                 0.112966                           0.500528                    10.158787              0.344405                       0.467505                                 0.525178                           2.516812             0.411872                      0.554002                                0.603486                          2.131789
1          0.074372                 0.112593                           0.481492                    10.266294       0.069416                0.100165                          0.521197                   11.657609         0.092116                  0.139316                            0.565000                      8.292048        0.082724                 0.117554                           0.509835                     9.993013              0.347643                       0.525062                                 0.645925                           2.212049             0.315791                      0.407084                                0.693467                          2.270757
12         0.119723                 0.172155                           0.391729                     6.559510       0.046268                0.067820                          0.441604                   16.625816         0.083477                  0.122411                            0.463712                      9.241902        0.078332                 0.107840                           0.433455                    10.437923              0.342304                       0.465013                                 0.538091                           2.440014             0.397741                      0.568318                                0.559448                          1.996642

[193 rows x 24 columns] 

Clasele de antrenare sunt: 
 11     1.0
104    1.0
4      1.0
85     0.0
5      0.0
      ... 
64     0.0
120    1.0
109    0.0
1      0.0
12     1.0
Name: emotie, Length: 193, dtype: float64 

Instantele de test sunt: 
 59     0.0
100    1.0
75     0.0
1      1.0
38     0.0
88     0.0
47     1.0
21     1.0
25     0.0
53     0.0
95     0.0
15     0.0
77     0.0
61     1.0
27     1.0
85     1.0
28     0.0
99     1.0
60     1.0
50     1.0
55     0.0
8      0.0
89     0.0
114    1.0
101    0.0
92     1.0
14     1.0
7      0.0
31     0.0
32     0.0
108    1.0
94     1.0
75     1.0
83     0.0
117    1.0
69     1.0
91     1.0
73     0.0
102    0.0
67     1.0
10     1.0
58     1.0
9      1.0
57     0.0
93     0.0
76     0.0
83     1.0
33     1.0
118    0.0
Name: emotie, dtype: float64 

Exista 49 instante de test
Clase reale: 
 [0. 1. 0. 1. 0. 0. 1. 1. 0. 0. 0. 0. 0. 1. 1. 1. 0. 1. 1. 1. 0. 0. 0. 1.
 0. 1. 1. 0. 0. 0. 1. 1. 1. 0. 1. 1. 1. 0. 0. 1. 1. 1. 1. 0. 0. 0. 1. 1.
 0.]
Numarul de zero-uri din setul initial: 24
Numarul de unu-uri din setul initial: 25
Clase predicted de random forest: 
 [0. 1. 1. 0. 0. 0. 1. 1. 1. 0. 0. 0. 0. 1. 0. 1. 0. 0. 1. 1. 1. 0. 0. 0.
 0. 1. 1. 0. 0. 0. 0. 1. 0. 0. 1. 0. 1. 0. 0. 1. 1. 0. 1. 0. 0. 0. 1. 1.
 0.]
              precision    recall  f1-score   support

         0.0       0.72      0.88      0.79        24
         1.0       0.85      0.68      0.76        25

    accuracy                           0.78        49
   macro avg       0.79      0.78      0.77        49
weighted avg       0.79      0.78      0.77        49

Acuratetea pt fold 1 este 0.7755102040816326 

Matricea de confuzie pt fold 1 este: 
 [[21  3]
 [ 8 17]]
FOLD:  2
Instantele de antrenare sunt: 
      PLI_alpha_cost  PLI_alpha_lungime_medie  PLI_alpha_coeficient_clusterizare  PLI_alpha_eficienta_globala  PLI_beta_cost  PLI_beta_lungime_medie  PLI_beta_coeficient_clusterizare  PLI_beta_eficienta_globala  WPLI_alpha_cost  WPLI_alpha_lungime_medie  WPLI_alpha_coeficient_clusterizare  WPLI_alpha_eficienta_globala  WPLI_beta_cost  WPLI_beta_lungime_medie  WPLI_beta_coeficient_clusterizare  WPLI_beta_eficienta_globala  coherence_alpha_cost  coherence_alpha_lungime_medie  coherence_alpha_coeficient_clusterizare  coherence_alpha_eficienta_globala  coherence_beta_cost  coherence_beta_lungime_medie  coherence_beta_coeficient_clusterizare  coherence_beta_eficienta_globala
11         0.154043                 0.170078                           0.488802                     4.174990       0.076177                0.095604                          0.557970                    9.508455         0.266823                  0.339049                            0.561111                      2.671963        0.112012                 0.162897                           0.532212                     6.953230              0.890522                       0.590223                                 0.656421                           0.533442             0.926146                      0.613908                                0.656140                          0.506026
104        0.079973                 0.111039                           0.444714                    10.348672       0.039136                0.059084                          0.522382                   19.781174         0.135676                  0.197457                            0.330546                      5.728435        0.055365                 0.080643                           0.385399                    14.017928              0.454113                       0.575172                                 0.523418                           2.033584             0.394161                      0.489021                                0.585874                          2.392362
4          0.074732                 0.107478                           0.447057                    10.736350       0.038162                0.056677                          0.526001                   20.175167         0.089495                  0.124449                            0.655723                      9.071670        0.102455                 0.155623                           0.506653                     7.405485              0.416011                       0.492084                                 0.619537                           1.841753             0.404541                      0.375487                                0.607154                          1.954774
85         0.173431                 0.222338                           0.446157                     4.090760       0.036049                0.050243                          0.377254                   22.370149         0.214648                  0.322742                            0.442789                      3.516366        0.048304                 0.067848                           0.362030                    16.651255              0.630115                       0.837340                                 0.576403                           1.142151             0.590777                      0.428264                                0.638224                          0.989106
36         0.096967                 0.146322                           0.529527                     8.054080       0.050719                0.062103                          0.553454                   14.512274         0.156495                  0.232910                            0.427170                      4.927042        0.090445                 0.142084                           0.534505                     8.182898              0.768760                       0.480267                                 0.627472                           0.635606             0.800311                      0.506572                                0.650830                          0.601121
..              ...                      ...                                ...                          ...            ...                     ...                               ...                         ...              ...                       ...                                 ...                           ...             ...                      ...                                ...                          ...                   ...                            ...                                      ...                                ...                  ...                           ...                                     ...                               ...
67         0.147480                 0.226836                           0.569972                     5.079558       0.082011                0.121223                          0.334074                    9.391655         0.172135                  0.257787                            0.573132                      4.365390        0.101474                 0.148401                           0.318459                     7.596394              0.504675                       0.543908                                 0.608600                           1.363037             0.423585                      0.475287                                0.615972                          1.915445
64         0.097531                 0.143318                           0.332232                     7.912048       0.069459                0.087993                          0.445136                   10.250023         0.119926                  0.177158                            0.408229                      6.422930        0.085809                 0.127601                           0.410029                     8.984873              0.469741                       0.520023                                 0.673939                           1.415898             0.493824                      0.439402                                0.670622                          1.258820
120        0.097132                 0.145906                           0.547917                     7.850269       0.083946                0.120117                          0.385108                    9.399075         0.111692                  0.165456                            0.439310                      6.770615        0.040765                 0.058399                           0.464521                    19.515519              0.614018                       0.838104                                 0.609650                           1.159457             0.641143                      0.506335                                0.619013                          0.849416
109        0.098807                 0.145553                           0.558175                     7.864472       0.063014                0.093161                          0.564461                   12.378026         0.118884                  0.168588                            0.596924                      6.742365        0.075817                 0.112966                           0.500528                    10.158787              0.344405                       0.467505                                 0.525178                           2.516812             0.411872                      0.554002                                0.603486                          2.131789
118        0.151214                 0.197527                           0.601508                     4.548301       0.102303                0.145854                          0.502466                    7.726570         0.200461                  0.254281                            0.548329                      3.502149        0.128382                 0.179344                           0.474490                     6.268649              0.584300                       0.846375                                 0.668159                           1.166662             0.504602                      0.616877                                0.724974                          1.468297

[193 rows x 24 columns] 

Clasele de antrenare sunt: 
 11     1.0
104    1.0
4      1.0
85     0.0
36     1.0
      ... 
67     0.0
64     0.0
120    1.0
109    0.0
118    0.0
Name: emotie, Length: 193, dtype: float64 

Instantele de test sunt: 
 5      0.0
23     1.0
65     0.0
16     1.0
15     1.0
103    0.0
116    0.0
112    0.0
12     0.0
8      1.0
109    1.0
48     1.0
51     1.0
86     0.0
2      0.0
45     1.0
118    1.0
28     1.0
107    1.0
26     0.0
80     1.0
44     0.0
71     0.0
0      0.0
78     1.0
98     0.0
54     1.0
39     0.0
114    0.0
91     0.0
74     0.0
68     0.0
79     1.0
41     1.0
24     1.0
2      1.0
82     0.0
76     1.0
42     0.0
37     1.0
16     0.0
63     0.0
90     1.0
26     1.0
71     1.0
46     0.0
9      0.0
1      0.0
12     1.0
Name: emotie, dtype: float64 

Exista 49 instante de test
Clase reale: 
 [0. 1. 0. 1. 1. 0. 0. 0. 0. 1. 1. 1. 1. 0. 0. 1. 1. 1. 1. 0. 1. 0. 0. 0.
 1. 0. 1. 0. 0. 0. 0. 0. 1. 1. 1. 1. 0. 1. 0. 1. 0. 0. 1. 1. 1. 0. 0. 0.
 1.]
Numarul de zero-uri din setul initial: 25
Numarul de unu-uri din setul initial: 24
Clase predicted de random forest: 
 [0. 1. 0. 1. 0. 1. 0. 0. 0. 1. 0. 1. 1. 0. 0. 0. 1. 0. 1. 0. 0. 1. 1. 0.
 0. 0. 1. 0. 0. 0. 1. 0. 1. 1. 0. 1. 0. 1. 1. 1. 1. 0. 1. 1. 1. 0. 0. 1.
 0.]
              precision    recall  f1-score   support

         0.0       0.69      0.72      0.71        25
         1.0       0.70      0.67      0.68        24

    accuracy                           0.69        49
   macro avg       0.69      0.69      0.69        49
weighted avg       0.69      0.69      0.69        49

Acuratetea pt fold 2 este 0.6938775510204082 

Matricea de confuzie pt fold 2 este: 
 [[18  7]
 [ 8 16]]
FOLD:  3
Instantele de antrenare sunt: 
      PLI_alpha_cost  PLI_alpha_lungime_medie  PLI_alpha_coeficient_clusterizare  PLI_alpha_eficienta_globala  PLI_beta_cost  PLI_beta_lungime_medie  PLI_beta_coeficient_clusterizare  PLI_beta_eficienta_globala  WPLI_alpha_cost  WPLI_alpha_lungime_medie  WPLI_alpha_coeficient_clusterizare  WPLI_alpha_eficienta_globala  WPLI_beta_cost  WPLI_beta_lungime_medie  WPLI_beta_coeficient_clusterizare  WPLI_beta_eficienta_globala  coherence_alpha_cost  coherence_alpha_lungime_medie  coherence_alpha_coeficient_clusterizare  coherence_alpha_eficienta_globala  coherence_beta_cost  coherence_beta_lungime_medie  coherence_beta_coeficient_clusterizare  coherence_beta_eficienta_globala
11         0.154043                 0.170078                           0.488802                     4.174990       0.076177                0.095604                          0.557970                    9.508455         0.266823                  0.339049                            0.561111                      2.671963        0.112012                 0.162897                           0.532212                     6.953230              0.890522                       0.590223                                 0.656421                           0.533442             0.926146                      0.613908                                0.656140                          0.506026
85         0.173431                 0.222338                           0.446157                     4.090760       0.036049                0.050243                          0.377254                   22.370149         0.214648                  0.322742                            0.442789                      3.516366        0.048304                 0.067848                           0.362030                    16.651255              0.630115                       0.837340                                 0.576403                           1.142151             0.590777                      0.428264                                0.638224                          0.989106
5          0.102664                 0.159328                           0.550785                     7.411236       0.054302                0.073704                          0.446290                   15.790455         0.130258                  0.194053                            0.522067                      5.885164        0.066723                 0.090510                           0.426176                    12.623789              0.373677                       0.491662                                 0.702831                           1.878436             0.278327                      0.344293                                0.729920                          2.682547
36         0.096967                 0.146322                           0.529527                     8.054080       0.050719                0.062103                          0.553454                   14.512274         0.156495                  0.232910                            0.427170                      4.927042        0.090445                 0.142084                           0.534505                     8.182898              0.768760                       0.480267                                 0.627472                           0.635606             0.800311                      0.506572                                0.650830                          0.601121
27         0.056973                 0.081256                           0.453080                    13.887780       0.027311                0.038138                          0.596875                   30.824268         0.078714                  0.118316                            0.412998                      9.706876        0.033986                 0.046390                           0.515703                    24.210040              0.882314                       0.873977                                 0.666474                           0.632768             0.906034                      1.085402                                0.645796                          0.662393
..              ...                      ...                                ...                          ...            ...                     ...                               ...                         ...              ...                       ...                                 ...                           ...             ...                      ...                                ...                          ...                   ...                            ...                                      ...                                ...                  ...                           ...                                     ...                               ...
67         0.147480                 0.226836                           0.569972                     5.079558       0.082011                0.121223                          0.334074                    9.391655         0.172135                  0.257787                            0.573132                      4.365390        0.101474                 0.148401                           0.318459                     7.596394              0.504675                       0.543908                                 0.608600                           1.363037             0.423585                      0.475287                                0.615972                          1.915445
120        0.097132                 0.145906                           0.547917                     7.850269       0.083946                0.120117                          0.385108                    9.399075         0.111692                  0.165456                            0.439310                      6.770615        0.040765                 0.058399                           0.464521                    19.515519              0.614018                       0.838104                                 0.609650                           1.159457             0.641143                      0.506335                                0.619013                          0.849416
1          0.074372                 0.112593                           0.481492                    10.266294       0.069416                0.100165                          0.521197                   11.657609         0.092116                  0.139316                            0.565000                      8.292048        0.082724                 0.117554                           0.509835                     9.993013              0.347643                       0.525062                                 0.645925                           2.212049             0.315791                      0.407084                                0.693467                          2.270757
118        0.151214                 0.197527                           0.601508                     4.548301       0.102303                0.145854                          0.502466                    7.726570         0.200461                  0.254281                            0.548329                      3.502149        0.128382                 0.179344                           0.474490                     6.268649              0.584300                       0.846375                                 0.668159                           1.166662             0.504602                      0.616877                                0.724974                          1.468297
12         0.119723                 0.172155                           0.391729                     6.559510       0.046268                0.067820                          0.441604                   16.625816         0.083477                  0.122411                            0.463712                      9.241902        0.078332                 0.107840                           0.433455                    10.437923              0.342304                       0.465013                                 0.538091                           2.440014             0.397741                      0.568318                                0.559448                          1.996642

[194 rows x 24 columns] 

Clasele de antrenare sunt: 
 11     1.0
85     0.0
5      0.0
36     1.0
27     0.0
      ... 
67     0.0
120    1.0
1      0.0
118    0.0
12     1.0
Name: emotie, Length: 194, dtype: float64 

Instantele de test sunt: 
 104    1.0
4      1.0
52     0.0
110    0.0
80     0.0
18     1.0
110    1.0
92     0.0
115    1.0
21     0.0
96     1.0
25     1.0
13     1.0
17     1.0
112    1.0
52     1.0
117    0.0
36     0.0
113    0.0
94     0.0
104    0.0
96     0.0
116    1.0
31     1.0
120    0.0
53     1.0
88     1.0
61     0.0
6      0.0
4      0.0
81     0.0
56     1.0
40     1.0
34     1.0
55     1.0
108    0.0
60     0.0
45     0.0
81     1.0
87     0.0
107    0.0
43     1.0
49     0.0
95     1.0
49     1.0
84     1.0
64     0.0
109    0.0
Name: emotie, dtype: float64 

Exista 48 instante de test
Clase reale: 
 [1. 1. 0. 0. 0. 1. 1. 0. 1. 0. 1. 1. 1. 1. 1. 1. 0. 0. 0. 0. 0. 0. 1. 1.
 0. 1. 1. 0. 0. 0. 0. 1. 1. 1. 1. 0. 0. 0. 1. 0. 0. 1. 0. 1. 1. 1. 0. 0.]
Numarul de zero-uri din setul initial: 24
Numarul de unu-uri din setul initial: 24
Clase predicted de random forest: 
 [1. 1. 1. 0. 0. 1. 1. 0. 1. 0. 0. 1. 0. 1. 0. 1. 0. 0. 0. 1. 1. 0. 1. 1.
 0. 1. 0. 0. 0. 0. 0. 1. 0. 1. 0. 0. 0. 0. 0. 0. 0. 0. 0. 1. 1. 1. 1. 0.]
              precision    recall  f1-score   support

         0.0       0.71      0.83      0.77        24
         1.0       0.80      0.67      0.73        24

    accuracy                           0.75        48
   macro avg       0.76      0.75      0.75        48
weighted avg       0.76      0.75      0.75        48

Acuratetea pt fold 3 este 0.75 

Matricea de confuzie pt fold 3 este: 
 [[20  4]
 [ 8 16]]
FOLD:  4
Instantele de antrenare sunt: 
      PLI_alpha_cost  PLI_alpha_lungime_medie  PLI_alpha_coeficient_clusterizare  PLI_alpha_eficienta_globala  PLI_beta_cost  PLI_beta_lungime_medie  PLI_beta_coeficient_clusterizare  PLI_beta_eficienta_globala  WPLI_alpha_cost  WPLI_alpha_lungime_medie  WPLI_alpha_coeficient_clusterizare  WPLI_alpha_eficienta_globala  WPLI_beta_cost  WPLI_beta_lungime_medie  WPLI_beta_coeficient_clusterizare  WPLI_beta_eficienta_globala  coherence_alpha_cost  coherence_alpha_lungime_medie  coherence_alpha_coeficient_clusterizare  coherence_alpha_eficienta_globala  coherence_beta_cost  coherence_beta_lungime_medie  coherence_beta_coeficient_clusterizare  coherence_beta_eficienta_globala
104        0.079973                 0.111039                           0.444714                    10.348672       0.039136                0.059084                          0.522382                   19.781174         0.135676                  0.197457                            0.330546                      5.728435        0.055365                 0.080643                           0.385399                    14.017928              0.454113                       0.575172                                 0.523418                           2.033584             0.394161                      0.489021                                0.585874                          2.392362
4          0.074732                 0.107478                           0.447057                    10.736350       0.038162                0.056677                          0.526001                   20.175167         0.089495                  0.124449                            0.655723                      9.071670        0.102455                 0.155623                           0.506653                     7.405485              0.416011                       0.492084                                 0.619537                           1.841753             0.404541                      0.375487                                0.607154                          1.954774
5          0.102664                 0.159328                           0.550785                     7.411236       0.054302                0.073704                          0.446290                   15.790455         0.130258                  0.194053                            0.522067                      5.885164        0.066723                 0.090510                           0.426176                    12.623789              0.373677                       0.491662                                 0.702831                           1.878436             0.278327                      0.344293                                0.729920                          2.682547
36         0.096967                 0.146322                           0.529527                     8.054080       0.050719                0.062103                          0.553454                   14.512274         0.156495                  0.232910                            0.427170                      4.927042        0.090445                 0.142084                           0.534505                     8.182898              0.768760                       0.480267                                 0.627472                           0.635606             0.800311                      0.506572                                0.650830                          0.601121
66         0.085112                 0.123267                           0.380049                     9.145420       0.042453                0.060124                          0.407188                   18.721124         0.108170                  0.158144                            0.360557                      7.111838        0.051502                 0.073553                           0.411627                    15.160176              0.346117                       0.421778                                 0.593083                           2.232290             0.390033                      0.335366                                0.624067                          1.690533
..              ...                      ...                                ...                          ...            ...                     ...                               ...                         ...              ...                       ...                                 ...                           ...             ...                      ...                                ...                          ...                   ...                            ...                                      ...                                ...                  ...                           ...                                     ...                               ...
120        0.097132                 0.145906                           0.547917                     7.850269       0.083946                0.120117                          0.385108                    9.399075         0.111692                  0.165456                            0.439310                      6.770615        0.040765                 0.058399                           0.464521                    19.515519              0.614018                       0.838104                                 0.609650                           1.159457             0.641143                      0.506335                                0.619013                          0.849416
109        0.098807                 0.145553                           0.558175                     7.864472       0.063014                0.093161                          0.564461                   12.378026         0.118884                  0.168588                            0.596924                      6.742365        0.075817                 0.112966                           0.500528                    10.158787              0.344405                       0.467505                                 0.525178                           2.516812             0.411872                      0.554002                                0.603486                          2.131789
1          0.074372                 0.112593                           0.481492                    10.266294       0.069416                0.100165                          0.521197                   11.657609         0.092116                  0.139316                            0.565000                      8.292048        0.082724                 0.117554                           0.509835                     9.993013              0.347643                       0.525062                                 0.645925                           2.212049             0.315791                      0.407084                                0.693467                          2.270757
118        0.151214                 0.197527                           0.601508                     4.548301       0.102303                0.145854                          0.502466                    7.726570         0.200461                  0.254281                            0.548329                      3.502149        0.128382                 0.179344                           0.474490                     6.268649              0.584300                       0.846375                                 0.668159                           1.166662             0.504602                      0.616877                                0.724974                          1.468297
12         0.119723                 0.172155                           0.391729                     6.559510       0.046268                0.067820                          0.441604                   16.625816         0.083477                  0.122411                            0.463712                      9.241902        0.078332                 0.107840                           0.433455                    10.437923              0.342304                       0.465013                                 0.538091                           2.440014             0.397741                      0.568318                                0.559448                          1.996642

[194 rows x 24 columns] 

Clasele de antrenare sunt: 
 104    1.0
4      1.0
5      0.0
36     1.0
66     0.0
      ... 
120    1.0
109    0.0
1      0.0
118    0.0
12     1.0
Name: emotie, Length: 194, dtype: float64 

Instantele de test sunt: 
 11     1.0
85     0.0
27     0.0
98     1.0
97     0.0
38     1.0
32     1.0
79     0.0
54     0.0
106    1.0
58     0.0
70     1.0
115    0.0
119    0.0
29     1.0
19     0.0
101    1.0
93     1.0
33     0.0
46     1.0
5      1.0
77     1.0
48     0.0
78     0.0
100    0.0
89     1.0
35     1.0
19     1.0
3      0.0
18     0.0
87     1.0
74     1.0
56     0.0
111    0.0
39     1.0
113    1.0
43     0.0
86     1.0
3      1.0
62     0.0
22     0.0
23     0.0
82     1.0
119    1.0
99     0.0
65     1.0
17     0.0
69     0.0
Name: emotie, dtype: float64 

Exista 48 instante de test
Clase reale: 
 [1. 0. 0. 1. 0. 1. 1. 0. 0. 1. 0. 1. 0. 0. 1. 0. 1. 1. 0. 1. 1. 1. 0. 0.
 0. 1. 1. 1. 0. 0. 1. 1. 0. 0. 1. 1. 0. 1. 1. 0. 0. 0. 1. 1. 0. 1. 0. 0.]
Numarul de zero-uri din setul initial: 24
Numarul de unu-uri din setul initial: 24
Clase predicted de random forest: 
 [0. 0. 0. 1. 0. 1. 1. 0. 0. 1. 0. 1. 0. 0. 0. 0. 0. 1. 0. 0. 1. 0. 0. 0.
 0. 1. 1. 1. 0. 0. 0. 1. 0. 0. 1. 1. 1. 0. 1. 0. 0. 1. 1. 1. 0. 0. 0. 0.]
              precision    recall  f1-score   support

         0.0       0.73      0.92      0.81        24
         1.0       0.89      0.67      0.76        24

    accuracy                           0.79        48
   macro avg       0.81      0.79      0.79        48
weighted avg       0.81      0.79      0.79        48

Acuratetea pt fold 4 este 0.7916666666666666 

Matricea de confuzie pt fold 4 este: 
 [[22  2]
 [ 8 16]]
FOLD:  5
Instantele de antrenare sunt: 
      PLI_alpha_cost  PLI_alpha_lungime_medie  PLI_alpha_coeficient_clusterizare  PLI_alpha_eficienta_globala  PLI_beta_cost  PLI_beta_lungime_medie  PLI_beta_coeficient_clusterizare  PLI_beta_eficienta_globala  WPLI_alpha_cost  WPLI_alpha_lungime_medie  WPLI_alpha_coeficient_clusterizare  WPLI_alpha_eficienta_globala  WPLI_beta_cost  WPLI_beta_lungime_medie  WPLI_beta_coeficient_clusterizare  WPLI_beta_eficienta_globala  coherence_alpha_cost  coherence_alpha_lungime_medie  coherence_alpha_coeficient_clusterizare  coherence_alpha_eficienta_globala  coherence_beta_cost  coherence_beta_lungime_medie  coherence_beta_coeficient_clusterizare  coherence_beta_eficienta_globala
11         0.154043                 0.170078                           0.488802                     4.174990       0.076177                0.095604                          0.557970                    9.508455         0.266823                  0.339049                            0.561111                      2.671963        0.112012                 0.162897                           0.532212                     6.953230              0.890522                       0.590223                                 0.656421                           0.533442             0.926146                      0.613908                                0.656140                          0.506026
104        0.079973                 0.111039                           0.444714                    10.348672       0.039136                0.059084                          0.522382                   19.781174         0.135676                  0.197457                            0.330546                      5.728435        0.055365                 0.080643                           0.385399                    14.017928              0.454113                       0.575172                                 0.523418                           2.033584             0.394161                      0.489021                                0.585874                          2.392362
4          0.074732                 0.107478                           0.447057                    10.736350       0.038162                0.056677                          0.526001                   20.175167         0.089495                  0.124449                            0.655723                      9.071670        0.102455                 0.155623                           0.506653                     7.405485              0.416011                       0.492084                                 0.619537                           1.841753             0.404541                      0.375487                                0.607154                          1.954774
85         0.173431                 0.222338                           0.446157                     4.090760       0.036049                0.050243                          0.377254                   22.370149         0.214648                  0.322742                            0.442789                      3.516366        0.048304                 0.067848                           0.362030                    16.651255              0.630115                       0.837340                                 0.576403                           1.142151             0.590777                      0.428264                                0.638224                          0.989106
5          0.102664                 0.159328                           0.550785                     7.411236       0.054302                0.073704                          0.446290                   15.790455         0.130258                  0.194053                            0.522067                      5.885164        0.066723                 0.090510                           0.426176                    12.623789              0.373677                       0.491662                                 0.702831                           1.878436             0.278327                      0.344293                                0.729920                          2.682547
..              ...                      ...                                ...                          ...            ...                     ...                               ...                         ...              ...                       ...                                 ...                           ...             ...                      ...                                ...                          ...                   ...                            ...                                      ...                                ...                  ...                           ...                                     ...                               ...
64         0.097531                 0.143318                           0.332232                     7.912048       0.069459                0.087993                          0.445136                   10.250023         0.119926                  0.177158                            0.408229                      6.422930        0.085809                 0.127601                           0.410029                     8.984873              0.469741                       0.520023                                 0.673939                           1.415898             0.493824                      0.439402                                0.670622                          1.258820
109        0.098807                 0.145553                           0.558175                     7.864472       0.063014                0.093161                          0.564461                   12.378026         0.118884                  0.168588                            0.596924                      6.742365        0.075817                 0.112966                           0.500528                    10.158787              0.344405                       0.467505                                 0.525178                           2.516812             0.411872                      0.554002                                0.603486                          2.131789
1          0.074372                 0.112593                           0.481492                    10.266294       0.069416                0.100165                          0.521197                   11.657609         0.092116                  0.139316                            0.565000                      8.292048        0.082724                 0.117554                           0.509835                     9.993013              0.347643                       0.525062                                 0.645925                           2.212049             0.315791                      0.407084                                0.693467                          2.270757
118        0.151214                 0.197527                           0.601508                     4.548301       0.102303                0.145854                          0.502466                    7.726570         0.200461                  0.254281                            0.548329                      3.502149        0.128382                 0.179344                           0.474490                     6.268649              0.584300                       0.846375                                 0.668159                           1.166662             0.504602                      0.616877                                0.724974                          1.468297
12         0.119723                 0.172155                           0.391729                     6.559510       0.046268                0.067820                          0.441604                   16.625816         0.083477                  0.122411                            0.463712                      9.241902        0.078332                 0.107840                           0.433455                    10.437923              0.342304                       0.465013                                 0.538091                           2.440014             0.397741                      0.568318                                0.559448                          1.996642

[194 rows x 24 columns] 

Clasele de antrenare sunt: 
 11     1.0
104    1.0
4      1.0
85     0.0
5      0.0
      ... 
64     0.0
109    0.0
1      0.0
118    0.0
12     1.0
Name: emotie, Length: 194, dtype: float64 

Instantele de test sunt: 
 36     1.0
66     0.0
90     0.0
72     1.0
22     1.0
42     1.0
44     1.0
30     0.0
68     1.0
41     0.0
111    1.0
103    1.0
7      1.0
97     1.0
105    1.0
102    1.0
29     0.0
20     1.0
40     0.0
64     1.0
24     0.0
84     0.0
106    0.0
57     1.0
66     1.0
20     0.0
50     0.0
73     1.0
72     0.0
11     0.0
63     1.0
59     1.0
10     0.0
51     0.0
47     0.0
6      1.0
0      1.0
105    0.0
37     0.0
30     1.0
34     0.0
13     0.0
14     0.0
35     0.0
62     1.0
70     0.0
67     0.0
120    1.0
Name: emotie, dtype: float64 

Exista 48 instante de test
Clase reale: 
 [1. 0. 0. 1. 1. 1. 1. 0. 1. 0. 1. 1. 1. 1. 1. 1. 0. 1. 0. 1. 0. 0. 0. 1.
 1. 0. 0. 1. 0. 0. 1. 1. 0. 0. 0. 1. 1. 0. 0. 1. 0. 0. 0. 0. 1. 0. 0. 1.]
Numarul de zero-uri din setul initial: 24
Numarul de unu-uri din setul initial: 24
Clase predicted de random forest: 
 [1. 0. 0. 1. 1. 0. 1. 0. 1. 0. 0. 1. 1. 1. 0. 1. 0. 0. 0. 1. 0. 1. 1. 1.
 1. 0. 0. 1. 0. 1. 0. 0. 0. 1. 0. 1. 0. 0. 1. 1. 1. 0. 0. 0. 0. 1. 0. 1.]
              precision    recall  f1-score   support

         0.0       0.68      0.71      0.69        24
         1.0       0.70      0.67      0.68        24

    accuracy                           0.69        48
   macro avg       0.69      0.69      0.69        48
weighted avg       0.69      0.69      0.69        48

Acuratetea pt fold 5 este 0.6875 

Matricea de confuzie pt fold 5 este: 
 [[17  7]
 [ 8 16]]
ACURATETEA MEDIE DETERMINATA ESTE 0.7397108843537414 

matricea de confuzie finala este: 
 [[98. 23.]
 [40. 81.]]
