FOLD:  1
Instantele de antrenare sunt: 
      PLI_alpha_cost  PLI_alpha_lungime_medie  PLI_alpha_coeficient_clusterizare  PLI_alpha_eficienta_globala  PLI_beta_cost  PLI_beta_lungime_medie  PLI_beta_coeficient_clusterizare  PLI_beta_eficienta_globala
0          0.190814                 0.270497                           0.527501                     4.310961       0.048981                0.064475                          0.486657                   18.382505
1          0.070915                 0.105314                           0.565480                    10.858896       0.039981                0.048401                          0.530019                   18.680788
2          0.073787                 0.109260                           0.441055                    10.223044       0.048683                0.070625                          0.507110                   15.943082
3          0.082431                 0.120846                           0.473435                     9.456237       0.057364                0.076698                          0.404219                   14.670418
4          0.056973                 0.081256                           0.453080                    13.887780       0.027311                0.038138                          0.596875                   30.824268
..              ...                      ...                                ...                          ...            ...                     ...                               ...                         ...
236        0.066465                 0.089805                           0.490115                    12.787429       0.042583                0.059369                          0.506902                   19.252194
237        0.119745                 0.146073                           0.466736                     6.187047       0.039785                0.052440                          0.523708                   22.005256
238        0.094516                 0.136252                           0.498052                     8.375402       0.049352                0.073021                          0.449867                   15.652393
239        0.081122                 0.111411                           0.509243                    10.312953       0.032706                0.047612                          0.512008                   23.532139
240        0.106321                 0.148846                           0.392500                     7.464064       0.041577                0.051552                          0.429127                   22.213057

[193 rows x 8 columns] 

Clasele de antrenare sunt: 
 0      0.0
1      1.0
2      1.0
3      1.0
4      0.0
      ... 
236    0.0
237    1.0
238    1.0
239    1.0
240    1.0
Name: emotie, Length: 193, dtype: float64 

Instantele de test sunt: 
 17     1.0
22     0.0
24     1.0
39     0.0
57     1.0
59     1.0
60     0.0
67     1.0
70     0.0
82     1.0
84     1.0
88     1.0
91     1.0
98     0.0
106    0.0
110    0.0
128    1.0
131    0.0
138    1.0
142    0.0
143    1.0
146    1.0
148    0.0
159    1.0
162    0.0
166    1.0
167    1.0
168    0.0
171    0.0
172    1.0
176    0.0
179    0.0
193    1.0
195    0.0
199    0.0
201    0.0
207    0.0
210    1.0
212    1.0
214    0.0
221    1.0
222    0.0
223    1.0
224    0.0
226    1.0
229    0.0
231    0.0
233    0.0
241    1.0
Name: emotie, dtype: float64 

Exista 49 instante de test
Clase reale: 
 [1. 0. 1. 0. 1. 1. 0. 1. 0. 1. 1. 1. 1. 0. 0. 0. 1. 0. 1. 0. 1. 1. 0. 1.
 0. 1. 1. 0. 0. 1. 0. 0. 1. 0. 0. 0. 0. 1. 1. 0. 1. 0. 1. 0. 1. 0. 0. 0.
 1.]
Numarul de zero-uri din setul initial: 25
Numarul de unu-uri din setul initial: 24
Clase predicted de random forest: 
 [1. 0. 0. 0. 0. 1. 0. 0. 0. 1. 1. 0. 0. 0. 1. 1. 1. 1. 1. 0. 0. 0. 1. 0.
 0. 1. 0. 0. 0. 0. 1. 1. 0. 1. 1. 1. 0. 1. 1. 0. 1. 0. 0. 0. 1. 0. 1. 0.
 1.]
              precision    recall  f1-score   support

         0.0       0.56      0.60      0.58        25
         1.0       0.55      0.50      0.52        24

    accuracy                           0.55        49
   macro avg       0.55      0.55      0.55        49
weighted avg       0.55      0.55      0.55        49

Acuratetea pt fold 1 este 0.5510204081632653 

Matricea de confuzie pt fold 1 este: 
 [[15 10]
 [12 12]]
FOLD:  2
Instantele de antrenare sunt: 
      PLI_alpha_cost  PLI_alpha_lungime_medie  PLI_alpha_coeficient_clusterizare  PLI_alpha_eficienta_globala  PLI_beta_cost  PLI_beta_lungime_medie  PLI_beta_coeficient_clusterizare  PLI_beta_eficienta_globala
0          0.190814                 0.270497                           0.527501                     4.310961       0.048981                0.064475                          0.486657                   18.382505
1          0.070915                 0.105314                           0.565480                    10.858896       0.039981                0.048401                          0.530019                   18.680788
3          0.082431                 0.120846                           0.473435                     9.456237       0.057364                0.076698                          0.404219                   14.670418
4          0.056973                 0.081256                           0.453080                    13.887780       0.027311                0.038138                          0.596875                   30.824268
5          0.132904                 0.203366                           0.359403                     5.532217       0.068513                0.097641                          0.320718                   11.637064
..              ...                      ...                                ...                          ...            ...                     ...                               ...                         ...
235        0.094282                 0.119613                           0.534536                     7.798570       0.061951                0.086756                          0.420371                   13.351913
237        0.119745                 0.146073                           0.466736                     6.187047       0.039785                0.052440                          0.523708                   22.005256
238        0.094516                 0.136252                           0.498052                     8.375402       0.049352                0.073021                          0.449867                   15.652393
239        0.081122                 0.111411                           0.509243                    10.312953       0.032706                0.047612                          0.512008                   23.532139
241        0.160801                 0.237955                           0.401473                     4.807189       0.064838                0.095643                          0.651881                   11.782165

[193 rows x 8 columns] 

Clasele de antrenare sunt: 
 0      0.0
1      1.0
3      1.0
4      0.0
5      1.0
      ... 
235    1.0
237    1.0
238    1.0
239    1.0
241    1.0
Name: emotie, Length: 193, dtype: float64 

Instantele de test sunt: 
 2      1.0
10     1.0
13     0.0
14     0.0
18     0.0
28     1.0
33     1.0
45     0.0
46     0.0
48     1.0
51     0.0
52     0.0
53     1.0
61     1.0
62     1.0
65     0.0
69     0.0
73     0.0
74     1.0
75     0.0
77     1.0
79     0.0
81     1.0
83     1.0
90     1.0
92     0.0
100    0.0
102    1.0
109    1.0
113    1.0
114    0.0
116    1.0
117    1.0
119    0.0
125    0.0
127    0.0
139    1.0
144    1.0
152    0.0
156    0.0
163    1.0
178    1.0
196    0.0
198    0.0
209    0.0
211    1.0
218    1.0
236    0.0
240    1.0
Name: emotie, dtype: float64 

Exista 49 instante de test
Clase reale: 
 [1. 1. 0. 0. 0. 1. 1. 0. 0. 1. 0. 0. 1. 1. 1. 0. 0. 0. 1. 0. 1. 0. 1. 1.
 1. 0. 0. 1. 1. 1. 0. 1. 1. 0. 0. 0. 1. 1. 0. 0. 1. 1. 0. 0. 0. 1. 1. 0.
 1.]
Numarul de zero-uri din setul initial: 24
Numarul de unu-uri din setul initial: 25
Clase predicted de random forest: 
 [0. 0. 0. 0. 0. 0. 1. 1. 1. 0. 1. 0. 0. 0. 1. 0. 1. 1. 0. 1. 1. 0. 0. 0.
 1. 0. 0. 1. 1. 1. 0. 1. 0. 1. 1. 0. 0. 1. 1. 0. 1. 1. 0. 1. 1. 0. 1. 1.
 1.]
              precision    recall  f1-score   support

         0.0       0.50      0.50      0.50        24
         1.0       0.52      0.52      0.52        25

    accuracy                           0.51        49
   macro avg       0.51      0.51      0.51        49
weighted avg       0.51      0.51      0.51        49

Acuratetea pt fold 2 este 0.5102040816326531 

Matricea de confuzie pt fold 2 este: 
 [[12 12]
 [12 13]]
FOLD:  3
Instantele de antrenare sunt: 
      PLI_alpha_cost  PLI_alpha_lungime_medie  PLI_alpha_coeficient_clusterizare  PLI_alpha_eficienta_globala  PLI_beta_cost  PLI_beta_lungime_medie  PLI_beta_coeficient_clusterizare  PLI_beta_eficienta_globala
0          0.190814                 0.270497                           0.527501                     4.310961       0.048981                0.064475                          0.486657                   18.382505
1          0.070915                 0.105314                           0.565480                    10.858896       0.039981                0.048401                          0.530019                   18.680788
2          0.073787                 0.109260                           0.441055                    10.223044       0.048683                0.070625                          0.507110                   15.943082
3          0.082431                 0.120846                           0.473435                     9.456237       0.057364                0.076698                          0.404219                   14.670418
5          0.132904                 0.203366                           0.359403                     5.532217       0.068513                0.097641                          0.320718                   11.637064
..              ...                      ...                                ...                          ...            ...                     ...                               ...                         ...
235        0.094282                 0.119613                           0.534536                     7.798570       0.061951                0.086756                          0.420371                   13.351913
236        0.066465                 0.089805                           0.490115                    12.787429       0.042583                0.059369                          0.506902                   19.252194
237        0.119745                 0.146073                           0.466736                     6.187047       0.039785                0.052440                          0.523708                   22.005256
240        0.106321                 0.148846                           0.392500                     7.464064       0.041577                0.051552                          0.429127                   22.213057
241        0.160801                 0.237955                           0.401473                     4.807189       0.064838                0.095643                          0.651881                   11.782165

[194 rows x 8 columns] 

Clasele de antrenare sunt: 
 0      0.0
1      1.0
2      1.0
3      1.0
5      1.0
      ... 
235    1.0
236    0.0
237    1.0
240    1.0
241    1.0
Name: emotie, Length: 194, dtype: float64 

Instantele de test sunt: 
 4      0.0
6      0.0
7      1.0
9      1.0
23     1.0
27     0.0
34     0.0
35     0.0
38     1.0
50     1.0
54     0.0
55     0.0
63     0.0
80     0.0
93     0.0
94     0.0
99     1.0
101    1.0
103    1.0
108    1.0
111    1.0
115    1.0
118    0.0
123    0.0
136    1.0
140    0.0
145    0.0
147    1.0
149    1.0
150    1.0
155    1.0
165    0.0
170    0.0
173    0.0
175    0.0
180    1.0
181    1.0
182    1.0
187    1.0
189    0.0
203    1.0
206    1.0
208    0.0
215    0.0
225    0.0
232    0.0
238    1.0
239    1.0
Name: emotie, dtype: float64 

Exista 48 instante de test
Clase reale: 
 [0. 0. 1. 1. 1. 0. 0. 0. 1. 1. 0. 0. 0. 0. 0. 0. 1. 1. 1. 1. 1. 1. 0. 0.
 1. 0. 0. 1. 1. 1. 1. 0. 0. 0. 0. 1. 1. 1. 1. 0. 1. 1. 0. 0. 0. 0. 1. 1.]
Numarul de zero-uri din setul initial: 24
Numarul de unu-uri din setul initial: 24
Clase predicted de random forest: 
 [1. 0. 0. 1. 0. 1. 1. 1. 0. 1. 1. 1. 1. 1. 1. 1. 1. 0. 1. 0. 1. 1. 1. 0.
 0. 1. 1. 0. 0. 1. 0. 1. 0. 0. 0. 0. 0. 0. 1. 1. 1. 1. 0. 0. 0. 0. 0. 1.]
              precision    recall  f1-score   support

         0.0       0.41      0.38      0.39        24
         1.0       0.42      0.46      0.44        24

    accuracy                           0.42        48
   macro avg       0.42      0.42      0.42        48
weighted avg       0.42      0.42      0.42        48

Acuratetea pt fold 3 este 0.4166666666666667 

Matricea de confuzie pt fold 3 este: 
 [[ 9 15]
 [13 11]]
FOLD:  4
Instantele de antrenare sunt: 
      PLI_alpha_cost  PLI_alpha_lungime_medie  PLI_alpha_coeficient_clusterizare  PLI_alpha_eficienta_globala  PLI_beta_cost  PLI_beta_lungime_medie  PLI_beta_coeficient_clusterizare  PLI_beta_eficienta_globala
2          0.073787                 0.109260                           0.441055                    10.223044       0.048683                0.070625                          0.507110                   15.943082
4          0.056973                 0.081256                           0.453080                    13.887780       0.027311                0.038138                          0.596875                   30.824268
5          0.132904                 0.203366                           0.359403                     5.532217       0.068513                0.097641                          0.320718                   11.637064
6          0.208384                 0.271502                           0.454318                     3.387623       0.043698                0.064236                          0.496985                   17.557896
7          0.085867                 0.127357                           0.380750                     8.963225       0.053823                0.078202                          0.520553                   14.477093
..              ...                      ...                                ...                          ...            ...                     ...                               ...                         ...
237        0.119745                 0.146073                           0.466736                     6.187047       0.039785                0.052440                          0.523708                   22.005256
238        0.094516                 0.136252                           0.498052                     8.375402       0.049352                0.073021                          0.449867                   15.652393
239        0.081122                 0.111411                           0.509243                    10.312953       0.032706                0.047612                          0.512008                   23.532139
240        0.106321                 0.148846                           0.392500                     7.464064       0.041577                0.051552                          0.429127                   22.213057
241        0.160801                 0.237955                           0.401473                     4.807189       0.064838                0.095643                          0.651881                   11.782165

[194 rows x 8 columns] 

Clasele de antrenare sunt: 
 2      1.0
4      0.0
5      1.0
6      0.0
7      1.0
      ... 
237    1.0
238    1.0
239    1.0
240    1.0
241    1.0
Name: emotie, Length: 194, dtype: float64 

Instantele de test sunt: 
 0      0.0
1      1.0
3      1.0
12     0.0
15     1.0
16     0.0
25     0.0
30     1.0
42     0.0
43     1.0
47     0.0
56     1.0
58     1.0
64     1.0
68     0.0
78     1.0
86     0.0
89     0.0
95     0.0
97     1.0
104    0.0
107    0.0
120    1.0
122    1.0
132    0.0
133    1.0
134    0.0
135    0.0
137    1.0
141    1.0
157    0.0
160    1.0
164    0.0
174    1.0
183    1.0
184    0.0
185    0.0
188    0.0
200    0.0
205    1.0
213    1.0
216    1.0
217    0.0
220    1.0
227    1.0
228    0.0
230    0.0
235    1.0
Name: emotie, dtype: float64 

Exista 48 instante de test
Clase reale: 
 [0. 1. 1. 0. 1. 0. 0. 1. 0. 1. 0. 1. 1. 1. 0. 1. 0. 0. 0. 1. 0. 0. 1. 1.
 0. 1. 0. 0. 1. 1. 0. 1. 0. 1. 1. 0. 0. 0. 0. 1. 1. 1. 0. 1. 1. 0. 0. 1.]
Numarul de zero-uri din setul initial: 24
Numarul de unu-uri din setul initial: 24
Clase predicted de random forest: 
 [0. 1. 0. 0. 1. 0. 1. 1. 1. 0. 1. 1. 1. 1. 0. 1. 0. 0. 0. 0. 1. 1. 1. 1.
 0. 1. 0. 1. 1. 1. 0. 0. 1. 1. 1. 1. 1. 0. 1. 0. 0. 0. 0. 1. 0. 0. 1. 1.]
              precision    recall  f1-score   support

         0.0       0.62      0.54      0.58        24
         1.0       0.59      0.67      0.63        24

    accuracy                           0.60        48
   macro avg       0.61      0.60      0.60        48
weighted avg       0.61      0.60      0.60        48

Acuratetea pt fold 4 este 0.6041666666666666 

Matricea de confuzie pt fold 4 este: 
 [[13 11]
 [ 8 16]]
FOLD:  5
Instantele de antrenare sunt: 
      PLI_alpha_cost  PLI_alpha_lungime_medie  PLI_alpha_coeficient_clusterizare  PLI_alpha_eficienta_globala  PLI_beta_cost  PLI_beta_lungime_medie  PLI_beta_coeficient_clusterizare  PLI_beta_eficienta_globala
0          0.190814                 0.270497                           0.527501                     4.310961       0.048981                0.064475                          0.486657                   18.382505
1          0.070915                 0.105314                           0.565480                    10.858896       0.039981                0.048401                          0.530019                   18.680788
2          0.073787                 0.109260                           0.441055                    10.223044       0.048683                0.070625                          0.507110                   15.943082
3          0.082431                 0.120846                           0.473435                     9.456237       0.057364                0.076698                          0.404219                   14.670418
4          0.056973                 0.081256                           0.453080                    13.887780       0.027311                0.038138                          0.596875                   30.824268
..              ...                      ...                                ...                          ...            ...                     ...                               ...                         ...
236        0.066465                 0.089805                           0.490115                    12.787429       0.042583                0.059369                          0.506902                   19.252194
238        0.094516                 0.136252                           0.498052                     8.375402       0.049352                0.073021                          0.449867                   15.652393
239        0.081122                 0.111411                           0.509243                    10.312953       0.032706                0.047612                          0.512008                   23.532139
240        0.106321                 0.148846                           0.392500                     7.464064       0.041577                0.051552                          0.429127                   22.213057
241        0.160801                 0.237955                           0.401473                     4.807189       0.064838                0.095643                          0.651881                   11.782165

[194 rows x 8 columns] 

Clasele de antrenare sunt: 
 0      0.0
1      1.0
2      1.0
3      1.0
4      0.0
      ... 
236    0.0
238    1.0
239    1.0
240    1.0
241    1.0
Name: emotie, Length: 194, dtype: float64 

Instantele de test sunt: 
 5      1.0
8      1.0
11     0.0
19     0.0
20     0.0
21     0.0
26     0.0
29     0.0
31     0.0
32     1.0
36     0.0
37     1.0
40     0.0
41     0.0
44     0.0
49     0.0
66     1.0
71     1.0
72     0.0
76     0.0
85     1.0
87     1.0
96     1.0
105    0.0
112    0.0
121    0.0
124    1.0
126    1.0
129    1.0
130    1.0
151    0.0
153    1.0
154    0.0
158    1.0
161    1.0
169    0.0
177    0.0
186    1.0
190    0.0
191    1.0
192    1.0
194    1.0
197    1.0
202    1.0
204    0.0
219    1.0
234    0.0
237    1.0
Name: emotie, dtype: float64 

Exista 48 instante de test
Clase reale: 
 [1. 1. 0. 0. 0. 0. 0. 0. 0. 1. 0. 1. 0. 0. 0. 0. 1. 1. 0. 0. 1. 1. 1. 0.
 0. 0. 1. 1. 1. 1. 0. 1. 0. 1. 1. 0. 0. 1. 0. 1. 1. 1. 1. 1. 0. 1. 0. 1.]
Numarul de zero-uri din setul initial: 24
Numarul de unu-uri din setul initial: 24
Clase predicted de random forest: 
 [0. 1. 0. 1. 1. 1. 1. 1. 0. 1. 0. 1. 1. 1. 0. 1. 1. 0. 1. 0. 0. 1. 0. 1.
 1. 0. 0. 1. 0. 0. 1. 1. 1. 1. 1. 0. 0. 0. 1. 0. 0. 0. 0. 0. 1. 1. 1. 1.]
              precision    recall  f1-score   support

         0.0       0.38      0.33      0.36        24
         1.0       0.41      0.46      0.43        24

    accuracy                           0.40        48
   macro avg       0.39      0.40      0.39        48
weighted avg       0.39      0.40      0.39        48

Acuratetea pt fold 5 este 0.3958333333333333 

Matricea de confuzie pt fold 5 este: 
 [[ 8 16]
 [13 11]]
ACURATETEA MEDIE DETERMINATA ESTE 0.49557823129251705 

Matricea de confuzie finala este: 
 [[57. 64.]
 [58. 63.]]
