FOLD:  1
Instantele de antrenare sunt: 
      WPLI_alpha_cost  WPLI_alpha_lungime_medie  WPLI_alpha_coeficient_clusterizare  WPLI_alpha_eficienta_globala  WPLI_beta_cost  WPLI_beta_lungime_medie  WPLI_beta_coeficient_clusterizare  WPLI_beta_eficienta_globala
97          0.127891                  0.186292                            0.438019                      6.161216        0.086736                 0.130023                           0.504580                     8.865136
106         0.085631                  0.120338                            0.409186                      9.440744        0.109169                 0.157508                           0.458870                     7.272705
44          0.100956                  0.124314                            0.421740                      7.248763        0.060530                 0.093218                           0.322313                    12.386317
80          0.083783                  0.118024                            0.445219                      9.669988        0.046723                 0.066865                           0.462167                    16.963497
56          0.230944                  0.287191                            0.484262                      3.165312        0.058369                 0.084608                           0.621695                    13.664418
..               ...                       ...                                 ...                           ...             ...                      ...                                ...                          ...
108         0.138490                  0.202366                            0.451956                      5.648325        0.069032                 0.097663                           0.387776                    11.438161
115         0.082137                  0.115658                            0.513596                      9.831072        0.062113                 0.082294                           0.453057                    13.898945
24          0.104863                  0.148306                            0.526428                      7.575256        0.061915                 0.080319                           0.484238                    11.498959
46          0.189151                  0.242835                            0.523044                      3.720400        0.048898                 0.068995                           0.478342                    16.324637
11          0.090668                  0.123639                            0.510435                      9.262654        0.053868                 0.081665                           0.518835                    14.031854

[193 rows x 8 columns] 

Clasele de antrenare sunt: 
 97     1.0
106    0.0
44     0.0
80     0.0
56     1.0
      ... 
108    1.0
115    0.0
24     0.0
46     1.0
11     1.0
Name: emotie, Length: 193, dtype: float64 

Instantele de test sunt: 
 17     0.0
120    0.0
30     1.0
18     0.0
54     0.0
33     1.0
23     0.0
23     1.0
88     0.0
32     0.0
67     0.0
27     1.0
43     0.0
62     1.0
9      1.0
51     1.0
46     0.0
116    0.0
19     0.0
114    1.0
77     0.0
117    1.0
69     1.0
95     0.0
72     0.0
48     0.0
2      1.0
102    0.0
63     1.0
119    1.0
73     1.0
14     1.0
57     1.0
81     0.0
112    1.0
87     1.0
17     1.0
42     0.0
74     0.0
39     1.0
16     0.0
15     0.0
11     0.0
77     1.0
28     1.0
110    1.0
43     1.0
93     1.0
108    0.0
Name: emotie, dtype: float64 

Exista 49 instante de test
Clase reale: 
 [0. 0. 1. 0. 0. 1. 0. 1. 0. 0. 0. 1. 0. 1. 1. 1. 0. 0. 0. 1. 0. 1. 1. 0.
 0. 0. 1. 0. 1. 1. 1. 1. 1. 0. 1. 1. 1. 0. 0. 1. 0. 0. 0. 1. 1. 1. 1. 1.
 0.]
Numarul de zero-uri din setul initial: 24
Numarul de unu-uri din setul initial: 25
Clase predicted de random forest: 
 [0. 0. 1. 0. 0. 0. 1. 0. 0. 0. 1. 1. 1. 0. 1. 0. 0. 1. 1. 1. 1. 0. 0. 1.
 0. 0. 1. 0. 1. 0. 0. 0. 0. 0. 0. 1. 1. 1. 1. 1. 1. 0. 0. 1. 0. 1. 0. 1.
 1.]
              precision    recall  f1-score   support

         0.0       0.50      0.54      0.52        24
         1.0       0.52      0.48      0.50        25

    accuracy                           0.51        49
   macro avg       0.51      0.51      0.51        49
weighted avg       0.51      0.51      0.51        49

Acuratetea pt fold 1 este 0.5102040816326531 

FOLD:  2
Instantele de antrenare sunt: 
      WPLI_alpha_cost  WPLI_alpha_lungime_medie  WPLI_alpha_coeficient_clusterizare  WPLI_alpha_eficienta_globala  WPLI_beta_cost  WPLI_beta_lungime_medie  WPLI_beta_coeficient_clusterizare  WPLI_beta_eficienta_globala
97          0.127891                  0.186292                            0.438019                      6.161216        0.086736                 0.130023                           0.504580                     8.865136
106         0.085631                  0.120338                            0.409186                      9.440744        0.109169                 0.157508                           0.458870                     7.272705
80          0.083783                  0.118024                            0.445219                      9.669988        0.046723                 0.066865                           0.462167                    16.963497
56          0.230944                  0.287191                            0.484262                      3.165312        0.058369                 0.084608                           0.621695                    13.664418
49          0.131822                  0.191557                            0.451226                      5.978455        0.056043                 0.078405                           0.484596                    14.476631
..               ...                       ...                                 ...                           ...             ...                      ...                                ...                          ...
108         0.138490                  0.202366                            0.451956                      5.648325        0.069032                 0.097663                           0.387776                    11.438161
115         0.082137                  0.115658                            0.513596                      9.831072        0.062113                 0.082294                           0.453057                    13.898945
93          0.130316                  0.161809                            0.625049                      5.465996        0.034938                 0.052372                           0.620959                    21.814477
108         0.096412                  0.140535                            0.419773                      8.088034        0.052914                 0.078439                           0.474451                    14.673799
46          0.189151                  0.242835                            0.523044                      3.720400        0.048898                 0.068995                           0.478342                    16.324637

[193 rows x 8 columns] 

Clasele de antrenare sunt: 
 97     1.0
106    0.0
80     0.0
56     1.0
49     1.0
      ... 
108    1.0
115    0.0
93     1.0
108    0.0
46     1.0
Name: emotie, Length: 193, dtype: float64 

Instantele de test sunt: 
 44     0.0
86     0.0
107    1.0
13     1.0
98     0.0
113    1.0
109    0.0
38     0.0
64     0.0
31     0.0
24     1.0
84     0.0
7      1.0
61     1.0
106    1.0
50     0.0
26     0.0
119    0.0
7      0.0
96     1.0
55     1.0
55     0.0
91     1.0
85     1.0
68     1.0
101    0.0
57     0.0
66     1.0
105    1.0
89     0.0
0      0.0
65     0.0
58     1.0
111    1.0
92     1.0
33     0.0
18     1.0
66     0.0
15     1.0
29     0.0
76     1.0
87     0.0
74     1.0
12     1.0
82     0.0
118    1.0
36     0.0
24     0.0
11     1.0
Name: emotie, dtype: float64 

Exista 49 instante de test
Clase reale: 
 [0. 0. 1. 1. 0. 1. 0. 0. 0. 0. 1. 0. 1. 1. 1. 0. 0. 0. 0. 1. 1. 0. 1. 1.
 1. 0. 0. 1. 1. 0. 0. 0. 1. 1. 1. 0. 1. 0. 1. 0. 1. 0. 1. 1. 0. 1. 0. 0.
 1.]
Numarul de zero-uri din setul initial: 25
Numarul de unu-uri din setul initial: 24
Clase predicted de random forest: 
 [0. 0. 0. 1. 1. 0. 1. 0. 1. 1. 0. 0. 0. 0. 0. 1. 0. 1. 0. 0. 0. 1. 0. 1.
 1. 0. 1. 0. 0. 0. 0. 0. 0. 1. 1. 1. 0. 0. 1. 1. 0. 1. 0. 1. 1. 1. 1. 0.
 0.]
              precision    recall  f1-score   support

         0.0       0.43      0.48      0.45        25
         1.0       0.38      0.33      0.36        24

    accuracy                           0.41        49
   macro avg       0.40      0.41      0.40        49
weighted avg       0.41      0.41      0.41        49

Acuratetea pt fold 2 este 0.40816326530612246 

FOLD:  3
Instantele de antrenare sunt: 
      WPLI_alpha_cost  WPLI_alpha_lungime_medie  WPLI_alpha_coeficient_clusterizare  WPLI_alpha_eficienta_globala  WPLI_beta_cost  WPLI_beta_lungime_medie  WPLI_beta_coeficient_clusterizare  WPLI_beta_eficienta_globala
97          0.127891                  0.186292                            0.438019                      6.161216        0.086736                 0.130023                           0.504580                     8.865136
106         0.085631                  0.120338                            0.409186                      9.440744        0.109169                 0.157508                           0.458870                     7.272705
44          0.100956                  0.124314                            0.421740                      7.248763        0.060530                 0.093218                           0.322313                    12.386317
80          0.083783                  0.118024                            0.445219                      9.669988        0.046723                 0.066865                           0.462167                    16.963497
69          0.089655                  0.137490                            0.454113                      8.532823        0.064529                 0.093747                           0.442269                    12.135832
..               ...                       ...                                 ...                           ...             ...                      ...                                ...                          ...
24          0.104863                  0.148306                            0.526428                      7.575256        0.061915                 0.080319                           0.484238                    11.498959
93          0.130316                  0.161809                            0.625049                      5.465996        0.034938                 0.052372                           0.620959                    21.814477
108         0.096412                  0.140535                            0.419773                      8.088034        0.052914                 0.078439                           0.474451                    14.673799
46          0.189151                  0.242835                            0.523044                      3.720400        0.048898                 0.068995                           0.478342                    16.324637
11          0.090668                  0.123639                            0.510435                      9.262654        0.053868                 0.081665                           0.518835                    14.031854

[194 rows x 8 columns] 

Clasele de antrenare sunt: 
 97     1.0
106    0.0
44     0.0
80     0.0
69     0.0
      ... 
24     0.0
93     1.0
108    0.0
46     1.0
11     1.0
Name: emotie, Length: 194, dtype: float64 

Instantele de test sunt: 
 56     1.0
49     1.0
34     0.0
96     0.0
30     0.0
90     0.0
61     0.0
4      1.0
19     1.0
99     1.0
22     1.0
52     1.0
80     1.0
99     0.0
20     0.0
10     0.0
94     1.0
83     0.0
81     1.0
34     1.0
117    0.0
53     0.0
27     0.0
89     1.0
35     1.0
28     0.0
101    1.0
112    0.0
68     0.0
8      1.0
21     0.0
116    1.0
78     0.0
120    1.0
100    1.0
56     0.0
20     1.0
103    0.0
49     0.0
70     1.0
2      0.0
97     0.0
90     1.0
37     1.0
31     1.0
100    0.0
108    1.0
115    0.0
Name: emotie, dtype: float64 

Exista 48 instante de test
Clase reale: 
 [1. 1. 0. 0. 0. 0. 0. 1. 1. 1. 1. 1. 1. 0. 0. 0. 1. 0. 1. 1. 0. 0. 0. 1.
 1. 0. 1. 0. 0. 1. 0. 1. 0. 1. 1. 0. 1. 0. 0. 1. 0. 0. 1. 1. 1. 0. 1. 0.]
Numarul de zero-uri din setul initial: 24
Numarul de unu-uri din setul initial: 24
Clase predicted de random forest: 
 [1. 0. 0. 1. 1. 1. 0. 0. 0. 1. 0. 0. 0. 0. 0. 1. 1. 0. 0. 1. 1. 0. 0. 1.
 1. 1. 0. 1. 1. 1. 1. 1. 1. 0. 1. 0. 1. 0. 1. 0. 0. 1. 1. 1. 1. 0. 0. 1.]
              precision    recall  f1-score   support

         0.0       0.50      0.46      0.48        24
         1.0       0.50      0.54      0.52        24

    accuracy                           0.50        48
   macro avg       0.50      0.50      0.50        48
weighted avg       0.50      0.50      0.50        48

Acuratetea pt fold 3 este 0.5 

FOLD:  4
Instantele de antrenare sunt: 
      WPLI_alpha_cost  WPLI_alpha_lungime_medie  WPLI_alpha_coeficient_clusterizare  WPLI_alpha_eficienta_globala  WPLI_beta_cost  WPLI_beta_lungime_medie  WPLI_beta_coeficient_clusterizare  WPLI_beta_eficienta_globala
44          0.100956                  0.124314                            0.421740                      7.248763        0.060530                 0.093218                           0.322313                    12.386317
56          0.230944                  0.287191                            0.484262                      3.165312        0.058369                 0.084608                           0.621695                    13.664418
49          0.131822                  0.191557                            0.451226                      5.978455        0.056043                 0.078405                           0.484596                    14.476631
69          0.089655                  0.137490                            0.454113                      8.532823        0.064529                 0.093747                           0.442269                    12.135832
88          0.185833                  0.272452                            0.451745                      4.107309        0.141930                 0.173799                           0.415916                     5.186482
..               ...                       ...                                 ...                           ...             ...                      ...                                ...                          ...
24          0.104863                  0.148306                            0.526428                      7.575256        0.061915                 0.080319                           0.484238                    11.498959
93          0.130316                  0.161809                            0.625049                      5.465996        0.034938                 0.052372                           0.620959                    21.814477
108         0.096412                  0.140535                            0.419773                      8.088034        0.052914                 0.078439                           0.474451                    14.673799
46          0.189151                  0.242835                            0.523044                      3.720400        0.048898                 0.068995                           0.478342                    16.324637
11          0.090668                  0.123639                            0.510435                      9.262654        0.053868                 0.081665                           0.518835                    14.031854

[194 rows x 8 columns] 

Clasele de antrenare sunt: 
 44     0.0
56     1.0
49     1.0
69     0.0
88     1.0
      ... 
24     0.0
93     1.0
108    0.0
46     1.0
11     1.0
Name: emotie, Length: 194, dtype: float64 

Instantele de test sunt: 
 97     1.0
106    0.0
80     0.0
54     1.0
63     0.0
71     1.0
6      0.0
1      0.0
35     0.0
16     1.0
110    0.0
67     1.0
93     0.0
86     1.0
40     0.0
82     1.0
41     0.0
72     1.0
109    1.0
10     1.0
26     1.0
70     0.0
64     1.0
39     0.0
104    0.0
85     0.0
118    0.0
48     1.0
102    1.0
41     1.0
9      0.0
21     1.0
38     1.0
94     0.0
25     0.0
104    1.0
47     1.0
53     1.0
95     1.0
13     0.0
37     0.0
3      0.0
113    0.0
36     1.0
71     0.0
107    0.0
65     1.0
98     1.0
Name: emotie, dtype: float64 

Exista 48 instante de test
Clase reale: 
 [1. 0. 0. 1. 0. 1. 0. 0. 0. 1. 0. 1. 0. 1. 0. 1. 0. 1. 1. 1. 1. 0. 1. 0.
 0. 0. 0. 1. 1. 1. 0. 1. 1. 0. 0. 1. 1. 1. 1. 0. 0. 0. 0. 1. 0. 0. 1. 1.]
Numarul de zero-uri din setul initial: 24
Numarul de unu-uri din setul initial: 24
Clase predicted de random forest: 
 [0. 0. 1. 0. 0. 0. 0. 1. 0. 1. 0. 0. 1. 0. 0. 1. 0. 0. 0. 0. 0. 0. 0. 1.
 0. 1. 1. 0. 1. 1. 0. 0. 0. 0. 0. 1. 0. 1. 1. 0. 0. 0. 1. 0. 0. 0. 1. 0.]
              precision    recall  f1-score   support

         0.0       0.52      0.71      0.60        24
         1.0       0.53      0.33      0.41        24

    accuracy                           0.52        48
   macro avg       0.52      0.52      0.50        48
weighted avg       0.52      0.52      0.50        48

Acuratetea pt fold 4 este 0.5208333333333334 

FOLD:  5
Instantele de antrenare sunt: 
      WPLI_alpha_cost  WPLI_alpha_lungime_medie  WPLI_alpha_coeficient_clusterizare  WPLI_alpha_eficienta_globala  WPLI_beta_cost  WPLI_beta_lungime_medie  WPLI_beta_coeficient_clusterizare  WPLI_beta_eficienta_globala
97          0.127891                  0.186292                            0.438019                      6.161216        0.086736                 0.130023                           0.504580                     8.865136
106         0.085631                  0.120338                            0.409186                      9.440744        0.109169                 0.157508                           0.458870                     7.272705
44          0.100956                  0.124314                            0.421740                      7.248763        0.060530                 0.093218                           0.322313                    12.386317
80          0.083783                  0.118024                            0.445219                      9.669988        0.046723                 0.066865                           0.462167                    16.963497
56          0.230944                  0.287191                            0.484262                      3.165312        0.058369                 0.084608                           0.621695                    13.664418
..               ...                       ...                                 ...                           ...             ...                      ...                                ...                          ...
115         0.082137                  0.115658                            0.513596                      9.831072        0.062113                 0.082294                           0.453057                    13.898945
24          0.104863                  0.148306                            0.526428                      7.575256        0.061915                 0.080319                           0.484238                    11.498959
93          0.130316                  0.161809                            0.625049                      5.465996        0.034938                 0.052372                           0.620959                    21.814477
108         0.096412                  0.140535                            0.419773                      8.088034        0.052914                 0.078439                           0.474451                    14.673799
11          0.090668                  0.123639                            0.510435                      9.262654        0.053868                 0.081665                           0.518835                    14.031854

[194 rows x 8 columns] 

Clasele de antrenare sunt: 
 97     1.0
106    0.0
44     0.0
80     0.0
56     1.0
      ... 
115    0.0
24     0.0
93     1.0
108    0.0
11     1.0
Name: emotie, Length: 194, dtype: float64 

Instantele de test sunt: 
 69     0.0
88     1.0
51     0.0
44     1.0
40     1.0
111    0.0
45     1.0
4      0.0
25     1.0
32     1.0
5      1.0
79     1.0
42     1.0
0      1.0
50     1.0
52     0.0
29     1.0
79     0.0
5      0.0
8      0.0
75     1.0
3      1.0
22     0.0
1      1.0
76     0.0
60     0.0
115    1.0
73     0.0
92     0.0
78     1.0
62     0.0
114    0.0
83     1.0
59     1.0
47     0.0
84     1.0
103    1.0
45     0.0
59     0.0
6      1.0
14     0.0
12     0.0
75     0.0
105    0.0
60     1.0
58     0.0
91     0.0
46     1.0
Name: emotie, dtype: float64 

Exista 48 instante de test
Clase reale: 
 [0. 1. 0. 1. 1. 0. 1. 0. 1. 1. 1. 1. 1. 1. 1. 0. 1. 0. 0. 0. 1. 1. 0. 1.
 0. 0. 1. 0. 0. 1. 0. 0. 1. 1. 0. 1. 1. 0. 0. 1. 0. 0. 0. 0. 1. 0. 0. 1.]
Numarul de zero-uri din setul initial: 24
Numarul de unu-uri din setul initial: 24
Clase predicted de random forest: 
 [1. 1. 0. 0. 1. 0. 0. 0. 0. 1. 0. 0. 1. 1. 0. 0. 1. 0. 0. 1. 1. 1. 0. 0.
 0. 0. 0. 0. 1. 1. 0. 0. 1. 0. 1. 0. 0. 0. 0. 0. 1. 1. 1. 0. 0. 0. 1. 1.]
              precision    recall  f1-score   support

         0.0       0.55      0.67      0.60        24
         1.0       0.58      0.46      0.51        24

    accuracy                           0.56        48
   macro avg       0.57      0.56      0.56        48
weighted avg       0.57      0.56      0.56        48

Acuratetea pt fold 5 este 0.5625 

ACURATETEA MEDIE DETERMINATA ESTE 0.5003401360544217 

