FOLD:  1
Instantele de antrenare sunt: 
      PLI_alpha_cost  PLI_alpha_lungime_medie  PLI_alpha_coeficient_clusterizare  PLI_alpha_eficienta_globala  PLI_beta_cost  PLI_beta_lungime_medie  PLI_beta_coeficient_clusterizare  PLI_beta_eficienta_globala  coherence_alpha_cost  coherence_alpha_lungime_medie  coherence_alpha_coeficient_clusterizare  coherence_alpha_eficienta_globala  coherence_beta_cost  coherence_beta_lungime_medie  coherence_beta_coeficient_clusterizare  coherence_beta_eficienta_globala
1          0.192345                 0.241583                           0.487308                     3.762476       0.031696                0.044111                          0.427220                   25.691009              0.753167                       0.753429                                 0.604425                           0.756301             0.718501                      0.696175                                0.666447                          0.792076
3          0.114217                 0.160984                           0.551839                     7.067953       0.067939                0.096291                          0.458411                   11.859664              0.477865                       0.449391                                 0.666286                           1.599124             0.409594                      0.422609                                0.631578                          2.205974
4          0.102003                 0.139836                           0.510620                     8.115766       0.054829                0.078543                          0.493632                   14.483597              0.323443                       0.451094                                 0.528465                           2.568830             0.340785                      0.365364                                0.549313                          2.566443
5          0.106877                 0.128432                           0.457340                     6.990008       0.046235                0.063961                          0.463655                   17.859258              0.450789                       0.518450                                 0.642048                           1.775718             0.471491                      0.401592                                0.611263                          1.421944
6          0.167454                 0.210246                           0.461829                     4.416433       0.057146                0.077704                          0.466716                   14.536535              0.428329                       0.624034                                 0.765662                           1.896150             0.384713                      0.540787                                0.688327                          2.183440
..              ...                      ...                                ...                          ...            ...                     ...                               ...                         ...                   ...                            ...                                      ...                                ...                  ...                           ...                                     ...                               ...
443        0.125826                 0.161354                           0.505064                     5.521730       0.041084                0.061728                          0.561341                   18.872357              0.962132                       1.035396                                 0.709581                           0.563216             0.958331                      1.040440                                0.705419                          0.563834
444        0.072953                 0.104278                           0.480656                    10.885417       0.041336                0.061533                          0.419285                   18.451421              0.692674                       0.971178                                 0.716099                           0.953785             0.669886                      0.961528                                0.722974                          0.983738
445        0.112639                 0.161482                           0.407686                     7.034095       0.035817                0.050729                          0.349704                   22.067346              0.486678                       0.619528                                 0.751988                           1.479677             0.561198                      0.515847                                0.666801                          1.077035
446        0.089534                 0.134129                           0.457868                     8.641587       0.042378                0.061514                          0.517783                   18.994890              0.558435                       0.735705                                 0.612425                           1.270876             0.627728                      0.483466                                0.653896                          0.870230
447        0.090364                 0.134462                           0.542310                     8.502634       0.050257                0.069726                          0.396945                   16.343445              0.595289                       0.754960                                 0.631130                           1.247421             0.505854                      0.595835                                0.615110                          1.973712

[359 rows x 16 columns] 

Clasele de antrenare sunt: 
 1      1.0
3      1.0
4      0.0
5      1.0
6      1.0
      ... 
443    1.0
444    1.0
445    1.0
446    1.0
447    1.0
Name: emotie, Length: 359, dtype: float64 

Instantele de test sunt: 
 0      1.0
2      0.0
12     1.0
21     1.0
22     0.0
      ... 
415    1.0
417    0.0
419    1.0
425    1.0
448    1.0
Name: emotie, Length: 90, dtype: float64 

Exista 90 instante de test
Clase reale: 
 [1. 0. 1. 1. 0. 1. 1. 0. 1. 1. 1. 0. 1. 0. 1. 1. 1. 1. 1. 1. 1. 1. 0. 1.
 0. 1. 1. 0. 1. 0. 1. 0. 0. 0. 0. 1. 1. 1. 0. 1. 1. 1. 1. 1. 1. 1. 1. 1.
 1. 1. 1. 1. 1. 1. 0. 1. 1. 0. 0. 1. 0. 1. 0. 1. 1. 1. 1. 1. 1. 1. 1. 1.
 0. 0. 1. 1. 1. 1. 1. 1. 1. 1. 0. 1. 0. 1. 0. 1. 1. 1.]
Numarul de zero-uri din setul initial: 24
Numarul de unu-uri din setul initial: 66
Clase predicted de random forest: 
 [1. 1. 1. 1. 1. 1. 1. 1. 1. 1. 1. 1. 1. 1. 1. 1. 1. 1. 1. 1. 1. 1. 1. 1.
 1. 1. 1. 1. 1. 1. 1. 1. 1. 1. 1. 1. 1. 1. 1. 1. 1. 1. 1. 1. 1. 1. 1. 1.
 1. 1. 1. 1. 0. 1. 1. 0. 1. 1. 1. 1. 1. 1. 1. 1. 1. 1. 1. 1. 1. 1. 1. 1.
 1. 1. 1. 1. 1. 1. 1. 1. 1. 1. 1. 1. 1. 1. 1. 1. 1. 1.]
              precision    recall  f1-score   support

         0.0       0.00      0.00      0.00        24
         1.0       0.73      0.97      0.83        66

    accuracy                           0.71        90
   macro avg       0.36      0.48      0.42        90
weighted avg       0.53      0.71      0.61        90

Acuratetea pt fold 1 este 0.7111111111111111 

FOLD:  2
Instantele de antrenare sunt: 
      PLI_alpha_cost  PLI_alpha_lungime_medie  PLI_alpha_coeficient_clusterizare  PLI_alpha_eficienta_globala  PLI_beta_cost  PLI_beta_lungime_medie  PLI_beta_coeficient_clusterizare  PLI_beta_eficienta_globala  coherence_alpha_cost  coherence_alpha_lungime_medie  coherence_alpha_coeficient_clusterizare  coherence_alpha_eficienta_globala  coherence_beta_cost  coherence_beta_lungime_medie  coherence_beta_coeficient_clusterizare  coherence_beta_eficienta_globala
0          0.150362                 0.229064                           0.468173                     4.944871       0.107186                0.130684                          0.437294                    6.936434              0.624825                       0.563470                                 0.667478                           0.967252             0.508420                      0.445322                                0.636177                          1.262607
1          0.192345                 0.241583                           0.487308                     3.762476       0.031696                0.044111                          0.427220                   25.691009              0.753167                       0.753429                                 0.604425                           0.756301             0.718501                      0.696175                                0.666447                          0.792076
2          0.050613                 0.070541                           0.388722                    16.052560       0.039503                0.057271                          0.505108                   20.309719              0.631230                       0.482242                                 0.654339                           0.858910             0.715621                      0.564209                                0.648639                          0.736281
3          0.114217                 0.160984                           0.551839                     7.067953       0.067939                0.096291                          0.458411                   11.859664              0.477865                       0.449391                                 0.666286                           1.599124             0.409594                      0.422609                                0.631578                          2.205974
4          0.102003                 0.139836                           0.510620                     8.115766       0.054829                0.078543                          0.493632                   14.483597              0.323443                       0.451094                                 0.528465                           2.568830             0.340785                      0.365364                                0.549313                          2.566443
..              ...                      ...                                ...                          ...            ...                     ...                               ...                         ...                   ...                            ...                                      ...                                ...                  ...                           ...                                     ...                               ...
443        0.125826                 0.161354                           0.505064                     5.521730       0.041084                0.061728                          0.561341                   18.872357              0.962132                       1.035396                                 0.709581                           0.563216             0.958331                      1.040440                                0.705419                          0.563834
444        0.072953                 0.104278                           0.480656                    10.885417       0.041336                0.061533                          0.419285                   18.451421              0.692674                       0.971178                                 0.716099                           0.953785             0.669886                      0.961528                                0.722974                          0.983738
445        0.112639                 0.161482                           0.407686                     7.034095       0.035817                0.050729                          0.349704                   22.067346              0.486678                       0.619528                                 0.751988                           1.479677             0.561198                      0.515847                                0.666801                          1.077035
447        0.090364                 0.134462                           0.542310                     8.502634       0.050257                0.069726                          0.396945                   16.343445              0.595289                       0.754960                                 0.631130                           1.247421             0.505854                      0.595835                                0.615110                          1.973712
448        0.072579                 0.107246                           0.476567                    10.833200       0.047856                0.072569                          0.471782                   16.471147              0.862443                       0.843366                                 0.678479                           0.650611             0.768028                      0.881906                                0.646644                          0.807521

[359 rows x 16 columns] 

Clasele de antrenare sunt: 
 0      1.0
1      1.0
2      0.0
3      1.0
4      0.0
      ... 
443    1.0
444    1.0
445    1.0
447    1.0
448    1.0
Name: emotie, Length: 359, dtype: float64 

Instantele de test sunt: 
 6      1.0
13     1.0
16     1.0
19     1.0
20     1.0
      ... 
424    1.0
438    1.0
439    1.0
442    0.0
446    1.0
Name: emotie, Length: 90, dtype: float64 

Exista 90 instante de test
Clase reale: 
 [1. 1. 1. 1. 1. 0. 1. 1. 1. 1. 1. 1. 1. 1. 1. 1. 0. 1. 1. 0. 1. 1. 0. 0.
 1. 1. 0. 1. 1. 0. 1. 0. 1. 1. 1. 1. 1. 0. 0. 1. 1. 1. 1. 1. 0. 1. 1. 1.
 1. 0. 1. 1. 1. 1. 1. 1. 1. 1. 0. 1. 1. 1. 0. 0. 1. 1. 1. 1. 1. 0. 0. 1.
 1. 1. 0. 0. 1. 1. 0. 1. 1. 0. 0. 0. 1. 1. 1. 1. 0. 1.]
Numarul de zero-uri din setul initial: 24
Numarul de unu-uri din setul initial: 66
Clase predicted de random forest: 
 [1. 1. 1. 1. 1. 1. 0. 1. 1. 1. 1. 1. 1. 1. 1. 1. 1. 1. 1. 1. 1. 1. 1. 0.
 1. 1. 1. 1. 1. 1. 1. 1. 1. 1. 0. 1. 1. 0. 0. 0. 1. 1. 1. 1. 1. 1. 1. 1.
 1. 1. 1. 1. 1. 1. 1. 0. 1. 1. 1. 1. 1. 1. 1. 1. 1. 1. 1. 0. 1. 1. 0. 1.
 1. 0. 1. 0. 1. 1. 1. 1. 1. 1. 1. 0. 1. 1. 0. 1. 1. 1.]
              precision    recall  f1-score   support

         0.0       0.46      0.25      0.32        24
         1.0       0.77      0.89      0.83        66

    accuracy                           0.72        90
   macro avg       0.61      0.57      0.57        90
weighted avg       0.68      0.72      0.69        90

Acuratetea pt fold 2 este 0.7222222222222222 

FOLD:  3
Instantele de antrenare sunt: 
      PLI_alpha_cost  PLI_alpha_lungime_medie  PLI_alpha_coeficient_clusterizare  PLI_alpha_eficienta_globala  PLI_beta_cost  PLI_beta_lungime_medie  PLI_beta_coeficient_clusterizare  PLI_beta_eficienta_globala  coherence_alpha_cost  coherence_alpha_lungime_medie  coherence_alpha_coeficient_clusterizare  coherence_alpha_eficienta_globala  coherence_beta_cost  coherence_beta_lungime_medie  coherence_beta_coeficient_clusterizare  coherence_beta_eficienta_globala
0          0.150362                 0.229064                           0.468173                     4.944871       0.107186                0.130684                          0.437294                    6.936434              0.624825                       0.563470                                 0.667478                           0.967252             0.508420                      0.445322                                0.636177                          1.262607
1          0.192345                 0.241583                           0.487308                     3.762476       0.031696                0.044111                          0.427220                   25.691009              0.753167                       0.753429                                 0.604425                           0.756301             0.718501                      0.696175                                0.666447                          0.792076
2          0.050613                 0.070541                           0.388722                    16.052560       0.039503                0.057271                          0.505108                   20.309719              0.631230                       0.482242                                 0.654339                           0.858910             0.715621                      0.564209                                0.648639                          0.736281
3          0.114217                 0.160984                           0.551839                     7.067953       0.067939                0.096291                          0.458411                   11.859664              0.477865                       0.449391                                 0.666286                           1.599124             0.409594                      0.422609                                0.631578                          2.205974
4          0.102003                 0.139836                           0.510620                     8.115766       0.054829                0.078543                          0.493632                   14.483597              0.323443                       0.451094                                 0.528465                           2.568830             0.340785                      0.365364                                0.549313                          2.566443
..              ...                      ...                                ...                          ...            ...                     ...                               ...                         ...                   ...                            ...                                      ...                                ...                  ...                           ...                                     ...                               ...
444        0.072953                 0.104278                           0.480656                    10.885417       0.041336                0.061533                          0.419285                   18.451421              0.692674                       0.971178                                 0.716099                           0.953785             0.669886                      0.961528                                0.722974                          0.983738
445        0.112639                 0.161482                           0.407686                     7.034095       0.035817                0.050729                          0.349704                   22.067346              0.486678                       0.619528                                 0.751988                           1.479677             0.561198                      0.515847                                0.666801                          1.077035
446        0.089534                 0.134129                           0.457868                     8.641587       0.042378                0.061514                          0.517783                   18.994890              0.558435                       0.735705                                 0.612425                           1.270876             0.627728                      0.483466                                0.653896                          0.870230
447        0.090364                 0.134462                           0.542310                     8.502634       0.050257                0.069726                          0.396945                   16.343445              0.595289                       0.754960                                 0.631130                           1.247421             0.505854                      0.595835                                0.615110                          1.973712
448        0.072579                 0.107246                           0.476567                    10.833200       0.047856                0.072569                          0.471782                   16.471147              0.862443                       0.843366                                 0.678479                           0.650611             0.768028                      0.881906                                0.646644                          0.807521

[359 rows x 16 columns] 

Clasele de antrenare sunt: 
 0      1.0
1      1.0
2      0.0
3      1.0
4      0.0
      ... 
444    1.0
445    1.0
446    1.0
447    1.0
448    1.0
Name: emotie, Length: 359, dtype: float64 

Instantele de test sunt: 
 7      1.0
8      1.0
15     1.0
17     0.0
18     0.0
      ... 
427    1.0
433    1.0
440    0.0
441    1.0
443    1.0
Name: emotie, Length: 90, dtype: float64 

Exista 90 instante de test
Clase reale: 
 [1. 1. 1. 0. 0. 1. 1. 1. 1. 1. 0. 1. 0. 0. 0. 1. 0. 1. 0. 1. 1. 1. 1. 1.
 1. 1. 0. 0. 1. 1. 0. 1. 1. 1. 1. 0. 1. 0. 1. 1. 1. 0. 0. 0. 1. 0. 1. 0.
 1. 1. 0. 1. 1. 0. 1. 1. 1. 1. 0. 1. 1. 1. 1. 1. 1. 1. 1. 1. 1. 1. 1. 0.
 1. 1. 1. 1. 1. 1. 0. 1. 1. 1. 1. 1. 1. 1. 1. 0. 1. 1.]
Numarul de zero-uri din setul initial: 24
Numarul de unu-uri din setul initial: 66
Clase predicted de random forest: 
 [1. 1. 1. 1. 1. 1. 1. 1. 1. 1. 1. 1. 1. 1. 1. 1. 0. 1. 0. 1. 1. 1. 1. 1.
 0. 1. 1. 1. 1. 1. 1. 1. 1. 1. 1. 1. 1. 1. 1. 1. 1. 1. 1. 1. 1. 0. 1. 0.
 1. 1. 1. 1. 1. 1. 1. 1. 1. 1. 1. 1. 1. 1. 1. 0. 0. 1. 1. 1. 0. 1. 1. 1.
 1. 1. 0. 1. 1. 1. 1. 1. 1. 1. 1. 1. 1. 1. 1. 1. 0. 1.]
              precision    recall  f1-score   support

         0.0       0.40      0.17      0.24        24
         1.0       0.75      0.91      0.82        66

    accuracy                           0.71        90
   macro avg       0.57      0.54      0.53        90
weighted avg       0.66      0.71      0.67        90

Acuratetea pt fold 3 este 0.7111111111111111 

FOLD:  4
Instantele de antrenare sunt: 
      PLI_alpha_cost  PLI_alpha_lungime_medie  PLI_alpha_coeficient_clusterizare  PLI_alpha_eficienta_globala  PLI_beta_cost  PLI_beta_lungime_medie  PLI_beta_coeficient_clusterizare  PLI_beta_eficienta_globala  coherence_alpha_cost  coherence_alpha_lungime_medie  coherence_alpha_coeficient_clusterizare  coherence_alpha_eficienta_globala  coherence_beta_cost  coherence_beta_lungime_medie  coherence_beta_coeficient_clusterizare  coherence_beta_eficienta_globala
0          0.150362                 0.229064                           0.468173                     4.944871       0.107186                0.130684                          0.437294                    6.936434              0.624825                       0.563470                                 0.667478                           0.967252             0.508420                      0.445322                                0.636177                          1.262607
2          0.050613                 0.070541                           0.388722                    16.052560       0.039503                0.057271                          0.505108                   20.309719              0.631230                       0.482242                                 0.654339                           0.858910             0.715621                      0.564209                                0.648639                          0.736281
3          0.114217                 0.160984                           0.551839                     7.067953       0.067939                0.096291                          0.458411                   11.859664              0.477865                       0.449391                                 0.666286                           1.599124             0.409594                      0.422609                                0.631578                          2.205974
6          0.167454                 0.210246                           0.461829                     4.416433       0.057146                0.077704                          0.466716                   14.536535              0.428329                       0.624034                                 0.765662                           1.896150             0.384713                      0.540787                                0.688327                          2.183440
7          0.078391                 0.113842                           0.483037                     9.999714       0.039107                0.056456                          0.420195                   20.136528              0.423223                       0.754330                                 0.602259                           1.695288             0.335956                      0.469734                                0.606721                          2.422596
..              ...                      ...                                ...                          ...            ...                     ...                               ...                         ...                   ...                            ...                                      ...                                ...                  ...                           ...                                     ...                               ...
441        0.143734                 0.222537                           0.640782                     5.441186       0.117757                0.133515                          0.706454                    8.516559              0.631474                       0.863862                                 0.589558                           1.094456             0.589308                      0.438434                                0.606746                          0.944965
442        0.079656                 0.114976                           0.482787                     9.785644       0.049937                0.070621                          0.527080                   16.417991              0.618155                       0.804574                                 0.700729                           1.143555             0.680283                      0.942492                                0.712361                          0.990745
443        0.125826                 0.161354                           0.505064                     5.521730       0.041084                0.061728                          0.561341                   18.872357              0.962132                       1.035396                                 0.709581                           0.563216             0.958331                      1.040440                                0.705419                          0.563834
446        0.089534                 0.134129                           0.457868                     8.641587       0.042378                0.061514                          0.517783                   18.994890              0.558435                       0.735705                                 0.612425                           1.270876             0.627728                      0.483466                                0.653896                          0.870230
448        0.072579                 0.107246                           0.476567                    10.833200       0.047856                0.072569                          0.471782                   16.471147              0.862443                       0.843366                                 0.678479                           0.650611             0.768028                      0.881906                                0.646644                          0.807521

[359 rows x 16 columns] 

Clasele de antrenare sunt: 
 0      1.0
2      0.0
3      1.0
6      1.0
7      1.0
      ... 
441    1.0
442    0.0
443    1.0
446    1.0
448    1.0
Name: emotie, Length: 359, dtype: float64 

Instantele de test sunt: 
 1      1.0
4      0.0
5      1.0
10     1.0
24     1.0
      ... 
436    1.0
437    0.0
444    1.0
445    1.0
447    1.0
Name: emotie, Length: 90, dtype: float64 

Exista 90 instante de test
Clase reale: 
 [1. 0. 1. 1. 1. 1. 1. 1. 1. 1. 1. 1. 0. 1. 0. 1. 1. 1. 1. 1. 1. 0. 0. 1.
 1. 1. 1. 0. 1. 1. 0. 1. 0. 0. 1. 1. 1. 0. 0. 1. 0. 1. 1. 1. 1. 1. 1. 1.
 1. 1. 1. 1. 1. 1. 1. 1. 1. 1. 0. 1. 1. 0. 1. 0. 1. 0. 1. 1. 1. 1. 1. 0.
 0. 0. 0. 1. 0. 1. 1. 1. 0. 1. 0. 1. 0. 1. 0. 1. 1. 1.]
Numarul de zero-uri din setul initial: 25
Numarul de unu-uri din setul initial: 65
Clase predicted de random forest: 
 [1. 1. 1. 1. 0. 1. 1. 1. 1. 1. 1. 1. 1. 1. 1. 1. 1. 1. 1. 1. 1. 1. 0. 1.
 1. 1. 1. 0. 1. 1. 1. 1. 1. 1. 1. 1. 1. 1. 0. 1. 1. 1. 1. 1. 1. 1. 1. 1.
 1. 1. 1. 1. 1. 1. 1. 1. 1. 1. 1. 1. 1. 1. 1. 1. 1. 1. 0. 1. 0. 1. 1. 1.
 0. 1. 1. 1. 1. 1. 1. 1. 1. 1. 1. 1. 1. 1. 1. 1. 1. 1.]
              precision    recall  f1-score   support

         0.0       0.57      0.16      0.25        25
         1.0       0.75      0.95      0.84        65

    accuracy                           0.73        90
   macro avg       0.66      0.56      0.54        90
weighted avg       0.70      0.73      0.67        90

Acuratetea pt fold 4 este 0.7333333333333333 

FOLD:  5
Instantele de antrenare sunt: 
      PLI_alpha_cost  PLI_alpha_lungime_medie  PLI_alpha_coeficient_clusterizare  PLI_alpha_eficienta_globala  PLI_beta_cost  PLI_beta_lungime_medie  PLI_beta_coeficient_clusterizare  PLI_beta_eficienta_globala  coherence_alpha_cost  coherence_alpha_lungime_medie  coherence_alpha_coeficient_clusterizare  coherence_alpha_eficienta_globala  coherence_beta_cost  coherence_beta_lungime_medie  coherence_beta_coeficient_clusterizare  coherence_beta_eficienta_globala
0          0.150362                 0.229064                           0.468173                     4.944871       0.107186                0.130684                          0.437294                    6.936434              0.624825                       0.563470                                 0.667478                           0.967252             0.508420                      0.445322                                0.636177                          1.262607
1          0.192345                 0.241583                           0.487308                     3.762476       0.031696                0.044111                          0.427220                   25.691009              0.753167                       0.753429                                 0.604425                           0.756301             0.718501                      0.696175                                0.666447                          0.792076
2          0.050613                 0.070541                           0.388722                    16.052560       0.039503                0.057271                          0.505108                   20.309719              0.631230                       0.482242                                 0.654339                           0.858910             0.715621                      0.564209                                0.648639                          0.736281
4          0.102003                 0.139836                           0.510620                     8.115766       0.054829                0.078543                          0.493632                   14.483597              0.323443                       0.451094                                 0.528465                           2.568830             0.340785                      0.365364                                0.549313                          2.566443
5          0.106877                 0.128432                           0.457340                     6.990008       0.046235                0.063961                          0.463655                   17.859258              0.450789                       0.518450                                 0.642048                           1.775718             0.471491                      0.401592                                0.611263                          1.421944
..              ...                      ...                                ...                          ...            ...                     ...                               ...                         ...                   ...                            ...                                      ...                                ...                  ...                           ...                                     ...                               ...
444        0.072953                 0.104278                           0.480656                    10.885417       0.041336                0.061533                          0.419285                   18.451421              0.692674                       0.971178                                 0.716099                           0.953785             0.669886                      0.961528                                0.722974                          0.983738
445        0.112639                 0.161482                           0.407686                     7.034095       0.035817                0.050729                          0.349704                   22.067346              0.486678                       0.619528                                 0.751988                           1.479677             0.561198                      0.515847                                0.666801                          1.077035
446        0.089534                 0.134129                           0.457868                     8.641587       0.042378                0.061514                          0.517783                   18.994890              0.558435                       0.735705                                 0.612425                           1.270876             0.627728                      0.483466                                0.653896                          0.870230
447        0.090364                 0.134462                           0.542310                     8.502634       0.050257                0.069726                          0.396945                   16.343445              0.595289                       0.754960                                 0.631130                           1.247421             0.505854                      0.595835                                0.615110                          1.973712
448        0.072579                 0.107246                           0.476567                    10.833200       0.047856                0.072569                          0.471782                   16.471147              0.862443                       0.843366                                 0.678479                           0.650611             0.768028                      0.881906                                0.646644                          0.807521

[360 rows x 16 columns] 

Clasele de antrenare sunt: 
 0      1.0
1      1.0
2      0.0
4      0.0
5      1.0
      ... 
444    1.0
445    1.0
446    1.0
447    1.0
448    1.0
Name: emotie, Length: 360, dtype: float64 

Instantele de test sunt: 
 3      1.0
9      1.0
11     1.0
14     1.0
28     1.0
      ... 
416    0.0
418    0.0
431    1.0
434    1.0
435    0.0
Name: emotie, Length: 89, dtype: float64 

Exista 89 instante de test
Clase reale: 
 [1. 1. 1. 1. 1. 1. 1. 1. 1. 1. 1. 1. 1. 1. 1. 1. 0. 1. 1. 1. 1. 1. 1. 1.
 1. 1. 0. 1. 0. 1. 0. 0. 0. 1. 1. 1. 1. 1. 1. 0. 1. 1. 1. 1. 1. 1. 1. 0.
 1. 1. 0. 1. 1. 0. 1. 1. 0. 1. 1. 1. 1. 1. 0. 1. 1. 1. 0. 1. 1. 1. 1. 0.
 1. 0. 0. 1. 0. 0. 1. 1. 0. 0. 1. 0. 0. 0. 1. 1. 0.]
Numarul de zero-uri din setul initial: 24
Numarul de unu-uri din setul initial: 65
Clase predicted de random forest: 
 [1. 1. 1. 0. 1. 1. 1. 1. 1. 1. 1. 1. 1. 1. 1. 1. 1. 1. 1. 1. 1. 1. 1. 0.
 1. 1. 1. 1. 1. 1. 1. 1. 1. 1. 1. 1. 1. 1. 1. 1. 1. 1. 1. 1. 1. 1. 1. 1.
 1. 1. 1. 1. 1. 1. 1. 1. 0. 1. 1. 1. 1. 1. 1. 1. 1. 1. 0. 1. 1. 1. 1. 1.
 1. 0. 1. 1. 1. 1. 1. 1. 1. 1. 1. 1. 0. 1. 1. 1. 1.]
              precision    recall  f1-score   support

         0.0       0.67      0.17      0.27        24
         1.0       0.76      0.97      0.85        65

    accuracy                           0.75        89
   macro avg       0.71      0.57      0.56        89
weighted avg       0.73      0.75      0.69        89

Acuratetea pt fold 5 este 0.7528089887640449 

ACURATETEA MEDIE DETERMINATA ESTE 0.7261173533083645 

