FOLD:  1
Instantele de antrenare sunt: 
      PLI_alpha_cost  PLI_alpha_lungime_medie  PLI_alpha_coeficient_clusterizare  PLI_alpha_eficienta_globala  PLI_beta_cost  PLI_beta_lungime_medie  PLI_beta_coeficient_clusterizare  PLI_beta_eficienta_globala
0          0.160801                 0.237955                           0.401473                     4.807189       0.064838                0.095643                          0.651881                   11.782165
3          0.066425                 0.088775                           0.373748                    12.809801       0.050351                0.070699                          0.487055                   16.104231
4          0.119285                 0.171434                           0.424630                     6.556344       0.073831                0.103795                          0.457378                   11.003507
5          0.105058                 0.148883                           0.500251                     7.622418       0.067914                0.087885                          0.511278                   10.237113
7          0.097607                 0.144339                           0.475127                     7.940165       0.056994                0.080827                          0.428283                   13.942955
..              ...                      ...                                ...                          ...            ...                     ...                               ...                         ...
230        0.071921                 0.099127                           0.545273                    11.376056       0.049208                0.062120                          0.681346                   14.399828
232        0.084714                 0.113262                           0.374387                    10.056493       0.052270                0.072551                          0.650793                   15.761454
234        0.113354                 0.167682                           0.477625                     6.857173       0.056623                0.080170                          0.440392                   14.204029
237        0.254985                 0.346333                           0.372267                     2.622308       0.064186                0.093003                          0.448361                   12.332337
238        0.040398                 0.058378                           0.362184                    19.317236       0.024978                0.034883                          0.466407                   33.425858

[121 rows x 8 columns] 

Clasele de antrenare sunt: 
 0      1.0
3      0.0
4      1.0
5      1.0
7      0.0
      ... 
230    1.0
232    1.0
234    1.0
237    1.0
238    0.0
Name: emotie, Length: 121, dtype: float64 

Instantele de test sunt: 
 1      1.0
2      1.0
6      0.0
9      1.0
13     1.0
      ... 
235    0.0
236    1.0
239    0.0
240    0.0
241    1.0
Name: emotie, Length: 121, dtype: float64 

Exista 121 instante de test
Clase reale: 
 [1. 1. 0. 1. 1. 0. 0. 0. 1. 0. 1. 0. 1. 1. 0. 0. 0. 0. 0. 0. 1. 0. 1. 1.
 0. 0. 1. 0. 0. 1. 0. 0. 1. 0. 1. 1. 0. 1. 1. 0. 1. 0. 1. 1. 0. 0. 0. 1.
 1. 0. 0. 0. 0. 1. 1. 0. 0. 1. 0. 0. 1. 0. 0. 1. 1. 1. 0. 0. 0. 0. 1. 1.
 0. 0. 0. 1. 1. 0. 0. 0. 1. 1. 1. 0. 1. 1. 0. 1. 1. 1. 0. 1. 1. 1. 0. 1.
 1. 1. 1. 0. 1. 0. 0. 1. 0. 1. 1. 1. 0. 1. 0. 0. 1. 1. 1. 1. 0. 1. 0. 0.
 1.]
Numarul de zero-uri din setul initial: 60
Numarul de unu-uri din setul initial: 61
Clase predicted de SVM: 
 [0. 0. 0. 0. 0. 0. 1. 0. 0. 0. 0. 0. 1. 0. 0. 0. 0. 0. 0. 0. 0. 0. 0. 0.
 0. 1. 0. 0. 0. 0. 0. 0. 0. 0. 0. 0. 0. 0. 0. 1. 0. 1. 0. 0. 0. 0. 0. 0.
 0. 0. 0. 0. 0. 0. 0. 1. 0. 0. 0. 0. 1. 0. 0. 0. 0. 0. 0. 0. 0. 0. 0. 0.
 0. 0. 0. 0. 0. 0. 0. 1. 0. 0. 0. 0. 0. 0. 0. 0. 0. 0. 0. 1. 0. 0. 1. 0.
 0. 0. 0. 0. 0. 0. 0. 0. 0. 0. 0. 0. 0. 0. 0. 0. 0. 0. 0. 1. 0. 0. 0. 0.
 0.]
              precision    recall  f1-score   support

         0.0       0.48      0.88      0.62        60
         1.0       0.36      0.07      0.11        61

    accuracy                           0.47       121
   macro avg       0.42      0.47      0.37       121
weighted avg       0.42      0.47      0.37       121

Acuratetea pt fold 1 este 0.47107438016528924 

Matricea de confuzie pt fold 1 este: 
 [[53  7]
 [57  4]]
FOLD:  2
Instantele de antrenare sunt: 
      PLI_alpha_cost  PLI_alpha_lungime_medie  PLI_alpha_coeficient_clusterizare  PLI_alpha_eficienta_globala  PLI_beta_cost  PLI_beta_lungime_medie  PLI_beta_coeficient_clusterizare  PLI_beta_eficienta_globala
1          0.065961                 0.093440                           0.447915                    12.132226       0.051490                0.069299                          0.453744                   16.485824
2          0.149643                 0.208159                           0.454247                     5.412563       0.042195                0.062121                          0.566367                   18.974562
6          0.118530                 0.183957                           0.466272                     6.225732       0.052533                0.076467                          0.414590                   14.930559
9          0.175624                 0.257789                           0.527824                     4.417676       0.093588                0.130722                          0.585477                    8.765890
13         0.126071                 0.155165                           0.541929                     5.888342       0.045405                0.065080                          0.508347                   17.603083
..              ...                      ...                                ...                          ...            ...                     ...                               ...                         ...
235        0.102003                 0.139836                           0.510620                     8.115766       0.054829                0.078543                          0.493632                   14.483597
236        0.292353                 0.374993                           0.390979                     2.392638       0.056796                0.079230                          0.491651                   14.401332
239        0.094120                 0.128764                           0.462720                     8.640146       0.046825                0.065816                          0.490600                   17.427809
240        0.085112                 0.123267                           0.380049                     9.145420       0.042453                0.060124                          0.407188                   18.721124
241        0.113283                 0.135475                           0.540245                     6.704822       0.054959                0.077958                          0.426915                   14.646561

[121 rows x 8 columns] 

Clasele de antrenare sunt: 
 1      1.0
2      1.0
6      0.0
9      1.0
13     1.0
      ... 
235    0.0
236    1.0
239    0.0
240    0.0
241    1.0
Name: emotie, Length: 121, dtype: float64 

Instantele de test sunt: 
 0      1.0
3      0.0
4      1.0
5      1.0
7      0.0
      ... 
230    1.0
232    1.0
234    1.0
237    1.0
238    0.0
Name: emotie, Length: 121, dtype: float64 

Exista 121 instante de test
Clase reale: 
 [1. 0. 1. 1. 0. 0. 0. 0. 0. 0. 1. 0. 1. 0. 1. 0. 1. 1. 1. 1. 1. 1. 1. 0.
 0. 1. 0. 1. 1. 0. 1. 0. 1. 0. 1. 1. 0. 0. 0. 1. 1. 0. 0. 1. 0. 1. 0. 1.
 1. 1. 1. 0. 0. 1. 1. 0. 1. 0. 1. 0. 0. 0. 0. 0. 0. 1. 0. 1. 0. 0. 0. 0.
 0. 1. 1. 1. 1. 1. 0. 1. 1. 0. 0. 0. 1. 0. 0. 1. 0. 1. 1. 0. 1. 0. 0. 1.
 0. 1. 1. 0. 0. 1. 1. 0. 0. 1. 0. 1. 0. 0. 1. 0. 1. 0. 0. 1. 1. 1. 1. 1.
 0.]
Numarul de zero-uri din setul initial: 61
Numarul de unu-uri din setul initial: 60
Clase predicted de SVM: 
 [1. 1. 1. 1. 1. 1. 1. 1. 1. 1. 1. 1. 1. 1. 1. 1. 1. 1. 1. 1. 1. 1. 1. 1.
 1. 1. 1. 1. 1. 1. 1. 1. 1. 1. 1. 1. 1. 1. 1. 1. 1. 1. 1. 1. 1. 1. 1. 1.
 1. 1. 1. 1. 1. 1. 1. 1. 1. 1. 1. 1. 1. 1. 1. 1. 1. 1. 1. 1. 1. 1. 1. 1.
 1. 1. 1. 1. 1. 1. 1. 1. 1. 1. 1. 1. 1. 1. 1. 1. 1. 1. 1. 1. 1. 1. 1. 1.
 1. 1. 1. 1. 1. 1. 1. 1. 1. 1. 1. 1. 1. 1. 1. 1. 1. 1. 1. 1. 1. 1. 1. 1.
 1.]
              precision    recall  f1-score   support

         0.0       0.00      0.00      0.00        61
         1.0       0.50      1.00      0.66        60

    accuracy                           0.50       121
   macro avg       0.25      0.50      0.33       121
weighted avg       0.25      0.50      0.33       121

Acuratetea pt fold 2 este 0.49586776859504134 

Matricea de confuzie pt fold 2 este: 
 [[ 0 61]
 [ 0 60]]
ACURATETEA MEDIE DETERMINATA ESTE 0.4834710743801653 

Matricea de confuzie finala este: 
 [[53. 68.]
 [57. 64.]]
