FOLD:  1
Instantele de antrenare sunt: 
      PLI_alpha_cost  PLI_alpha_lungime_medie  PLI_alpha_coeficient_clusterizare  PLI_alpha_eficienta_globala  PLI_beta_cost  PLI_beta_lungime_medie  PLI_beta_coeficient_clusterizare  PLI_beta_eficienta_globala  WPLI_alpha_cost  WPLI_alpha_lungime_medie  WPLI_alpha_coeficient_clusterizare  WPLI_alpha_eficienta_globala  WPLI_beta_cost  WPLI_beta_lungime_medie  WPLI_beta_coeficient_clusterizare  WPLI_beta_eficienta_globala  coherence_alpha_cost  coherence_alpha_lungime_medie  coherence_alpha_coeficient_clusterizare  coherence_alpha_eficienta_globala  coherence_beta_cost  coherence_beta_lungime_medie  coherence_beta_coeficient_clusterizare  coherence_beta_eficienta_globala
0          0.100205                 0.151169                           0.564738                     7.603343       0.050477                0.071681                          0.448656                   16.374822         0.093265                  0.128641                            0.433060                      8.717206        0.057260                 0.070015                           0.471686                    13.030132              0.287813                       0.380069                                 0.497232                           3.039375             0.285577                      0.373802                                0.601295                          3.102188
1          0.109149                 0.146512                           0.563054                     7.706798       0.072924                0.107111                          0.434514                   10.683165         0.138434                  0.130090                            0.464563                      4.313046        0.094476                 0.141470                           0.651501                     7.842264              0.402412                       0.489388                                 0.608512                           2.412343             0.407760                      0.511892                                0.668182                          2.330455
2          0.073348                 0.103602                           0.594685                    10.835229       0.058916                0.082320                          0.592551                   13.841485         0.214642                  0.323624                            0.390377                      3.536132        0.071204                 0.102006                           0.519017                    10.860658              0.679723                       0.983392                                 0.776627                           0.977669             0.691553                      0.958473                                0.730202                          0.970088
3          0.208384                 0.271502                           0.454318                     3.387623       0.043698                0.064236                          0.496985                   17.557896         0.257012                  0.400398                            0.408290                      2.908287        0.054680                 0.081291                           0.416735                    13.821941              0.651125                       0.760425                                 0.580987                           0.985579             0.616324                      0.592754                                0.584317                          0.958872
4          0.125144                 0.173418                           0.388243                     6.671295       0.050309                0.069281                          0.414308                   16.523962         0.157849                  0.220238                            0.425590                      5.173990        0.060867                 0.082965                           0.392523                    13.701806              0.315071                       0.442165                                 0.618728                           2.684731             0.279085                      0.369150                                0.653600                          3.260583
..              ...                      ...                                ...                          ...            ...                     ...                               ...                         ...              ...                       ...                                 ...                           ...             ...                      ...                                ...                          ...                   ...                            ...                                      ...                                ...                  ...                           ...                                     ...                               ...
235        0.076842                 0.110561                           0.405305                    10.231882       0.041688                0.057437                          0.302542                   19.526632         0.130399                  0.182998                            0.477079                      6.185980        0.060401                 0.086576                           0.466450                    13.179973              0.291199                       0.322567                                 0.628063                           2.813625             0.258948                      0.333788                                0.547600                          3.484006
236        0.103221                 0.142373                           0.489497                     8.015447       0.045546                0.065478                          0.424854                   17.470018         0.125416                  0.178480                            0.514259                      6.368630        0.054263                 0.078296                           0.431328                    14.543989              0.373395                       0.392178                                 0.577231                           2.370572             0.343997                      0.318534                                0.571034                          2.922279
238        0.088908                 0.133889                           0.516393                     8.537524       0.049298                0.071923                          0.526093                   16.190130         0.104863                  0.148306                            0.526428                      7.575256        0.061915                 0.080319                           0.484238                    11.498959              0.777368                       0.752706                                 0.655543                           0.732653             0.768014                      0.885206                                0.657809                          0.806265
240        0.090364                 0.134462                           0.542310                     8.502634       0.050257                0.069726                          0.396945                   16.343445         0.123244                  0.188261                            0.606791                      6.068671        0.031837                 0.043539                           0.416959                    26.359863              0.495314                       0.696211                                 0.652539                           1.643026             0.472525                      0.694567                                0.779044                          1.694293
241        0.075113                 0.106712                           0.474896                    10.583834       0.047820                0.067402                          0.430521                   16.681925         0.077340                  0.104585                            0.468270                     10.856429        0.057500                 0.083447                           0.487267                    13.727192              0.818025                       0.658844                                 0.617092                           0.637580             0.800016                      0.505166                                0.647604                          0.604709

[193 rows x 24 columns] 

Clasele de antrenare sunt: 
 0      1.0
1      1.0
2      1.0
3      0.0
4      0.0
      ... 
235    1.0
236    0.0
238    0.0
240    1.0
241    1.0
Name: emotie, Length: 193, dtype: float64 

Instantele de test sunt: 
 21     1.0
22     0.0
28     0.0
37     1.0
48     0.0
52     0.0
60     0.0
70     1.0
73     0.0
77     0.0
78     1.0
82     0.0
85     0.0
105    1.0
113    1.0
115    1.0
124    0.0
133    1.0
139    1.0
141    1.0
142    0.0
146    0.0
149    0.0
156    1.0
160    1.0
165    0.0
166    1.0
172    0.0
173    0.0
174    0.0
176    1.0
183    1.0
192    0.0
199    1.0
203    0.0
205    0.0
207    1.0
213    1.0
215    0.0
216    0.0
217    0.0
219    1.0
222    1.0
225    1.0
226    1.0
230    1.0
233    1.0
237    1.0
239    0.0
Name: emotie, dtype: float64 

Exista 49 instante de test
Clase reale: 
 [1. 0. 0. 1. 0. 0. 0. 1. 0. 0. 1. 0. 0. 1. 1. 1. 0. 1. 1. 1. 0. 0. 0. 1.
 1. 0. 1. 0. 0. 0. 1. 1. 0. 1. 0. 0. 1. 1. 0. 0. 0. 1. 1. 1. 1. 1. 1. 1.
 0.]
Numarul de zero-uri din setul initial: 24
Numarul de unu-uri din setul initial: 25
Clase predicted de SVM: 
 [1. 0. 0. 0. 0. 0. 0. 0. 0. 0. 0. 0. 0. 0. 0. 0. 0. 0. 1. 0. 0. 0. 0. 1.
 0. 0. 0. 0. 0. 0. 0. 0. 0. 0. 0. 0. 1. 0. 0. 0. 0. 0. 0. 0. 0. 0. 0. 0.
 0.]
              precision    recall  f1-score   support

         0.0       0.53      1.00      0.70        24
         1.0       1.00      0.16      0.28        25

    accuracy                           0.57        49
   macro avg       0.77      0.58      0.49        49
weighted avg       0.77      0.57      0.48        49

Acuratetea pt fold 1 este 0.5714285714285714 

Matricea de confuzie pt fold 1 este: 
 [[24  0]
 [21  4]]
FOLD:  2
Instantele de antrenare sunt: 
      PLI_alpha_cost  PLI_alpha_lungime_medie  PLI_alpha_coeficient_clusterizare  PLI_alpha_eficienta_globala  PLI_beta_cost  PLI_beta_lungime_medie  PLI_beta_coeficient_clusterizare  PLI_beta_eficienta_globala  WPLI_alpha_cost  WPLI_alpha_lungime_medie  WPLI_alpha_coeficient_clusterizare  WPLI_alpha_eficienta_globala  WPLI_beta_cost  WPLI_beta_lungime_medie  WPLI_beta_coeficient_clusterizare  WPLI_beta_eficienta_globala  coherence_alpha_cost  coherence_alpha_lungime_medie  coherence_alpha_coeficient_clusterizare  coherence_alpha_eficienta_globala  coherence_beta_cost  coherence_beta_lungime_medie  coherence_beta_coeficient_clusterizare  coherence_beta_eficienta_globala
0          0.100205                 0.151169                           0.564738                     7.603343       0.050477                0.071681                          0.448656                   16.374822         0.093265                  0.128641                            0.433060                      8.717206        0.057260                 0.070015                           0.471686                    13.030132              0.287813                       0.380069                                 0.497232                           3.039375             0.285577                      0.373802                                0.601295                          3.102188
1          0.109149                 0.146512                           0.563054                     7.706798       0.072924                0.107111                          0.434514                   10.683165         0.138434                  0.130090                            0.464563                      4.313046        0.094476                 0.141470                           0.651501                     7.842264              0.402412                       0.489388                                 0.608512                           2.412343             0.407760                      0.511892                                0.668182                          2.330455
2          0.073348                 0.103602                           0.594685                    10.835229       0.058916                0.082320                          0.592551                   13.841485         0.214642                  0.323624                            0.390377                      3.536132        0.071204                 0.102006                           0.519017                    10.860658              0.679723                       0.983392                                 0.776627                           0.977669             0.691553                      0.958473                                0.730202                          0.970088
3          0.208384                 0.271502                           0.454318                     3.387623       0.043698                0.064236                          0.496985                   17.557896         0.257012                  0.400398                            0.408290                      2.908287        0.054680                 0.081291                           0.416735                    13.821941              0.651125                       0.760425                                 0.580987                           0.985579             0.616324                      0.592754                                0.584317                          0.958872
5          0.073093                 0.098416                           0.435737                    11.858996       0.041426                0.050479                          0.483759                   17.650289         0.090074                  0.119675                            0.480789                      9.663649        0.048464                 0.061624                           0.492719                    14.739151              0.470991                       0.679383                                 0.708001                           1.693886             0.515743                      0.766321                                0.677941                          1.534298
..              ...                      ...                                ...                          ...            ...                     ...                               ...                         ...              ...                       ...                                 ...                           ...             ...                      ...                                ...                          ...                   ...                            ...                                      ...                                ...                  ...                           ...                                     ...                               ...
235        0.076842                 0.110561                           0.405305                    10.231882       0.041688                0.057437                          0.302542                   19.526632         0.130399                  0.182998                            0.477079                      6.185980        0.060401                 0.086576                           0.466450                    13.179973              0.291199                       0.322567                                 0.628063                           2.813625             0.258948                      0.333788                                0.547600                          3.484006
236        0.103221                 0.142373                           0.489497                     8.015447       0.045546                0.065478                          0.424854                   17.470018         0.125416                  0.178480                            0.514259                      6.368630        0.054263                 0.078296                           0.431328                    14.543989              0.373395                       0.392178                                 0.577231                           2.370572             0.343997                      0.318534                                0.571034                          2.922279
237        0.228581                 0.338170                           0.465433                     3.374270       0.046404                0.064796                          0.480368                   17.756676         0.181410                  0.225764                            0.450843                      3.948416        0.085221                 0.120387                           0.359961                     9.514566              0.928461                       0.628245                                 0.615273                           0.507402             0.940888                      0.620461                                0.663454                          0.498422
239        0.159733                 0.239775                           0.517993                     4.701789       0.090267                0.136866                          0.412769                    8.237825         0.184025                  0.273600                            0.444849                      4.141528        0.108704                 0.162659                           0.381270                     6.877220              0.529342                       0.799524                                 0.667126                           1.441705             0.464128                      0.684804                                0.712243                          1.675567
240        0.090364                 0.134462                           0.542310                     8.502634       0.050257                0.069726                          0.396945                   16.343445         0.123244                  0.188261                            0.606791                      6.068671        0.031837                 0.043539                           0.416959                    26.359863              0.495314                       0.696211                                 0.652539                           1.643026             0.472525                      0.694567                                0.779044                          1.694293

[193 rows x 24 columns] 

Clasele de antrenare sunt: 
 0      1.0
1      1.0
2      1.0
3      0.0
5      0.0
      ... 
235    1.0
236    0.0
237    1.0
239    0.0
240    1.0
Name: emotie, Length: 193, dtype: float64 

Instantele de test sunt: 
 4      0.0
10     1.0
11     1.0
15     0.0
16     1.0
31     0.0
34     0.0
42     0.0
46     0.0
51     1.0
53     0.0
54     0.0
55     1.0
61     1.0
63     0.0
64     1.0
65     0.0
69     0.0
72     1.0
74     0.0
76     1.0
83     1.0
84     0.0
90     1.0
91     0.0
95     1.0
96     0.0
100    1.0
106    0.0
108    0.0
109    1.0
112    0.0
117    1.0
120    1.0
129    1.0
130    1.0
143    0.0
147    1.0
148    0.0
152    1.0
171    0.0
177    0.0
201    1.0
202    1.0
204    0.0
209    0.0
221    1.0
238    0.0
241    1.0
Name: emotie, dtype: float64 

Exista 49 instante de test
Clase reale: 
 [0. 1. 1. 0. 1. 0. 0. 0. 0. 1. 0. 0. 1. 1. 0. 1. 0. 0. 1. 0. 1. 1. 0. 1.
 0. 1. 0. 1. 0. 0. 1. 0. 1. 1. 1. 1. 0. 1. 0. 1. 0. 0. 1. 1. 0. 0. 1. 0.
 1.]
Numarul de zero-uri din setul initial: 25
Numarul de unu-uri din setul initial: 24
Clase predicted de SVM: 
 [1. 1. 1. 1. 0. 1. 1. 0. 1. 0. 0. 1. 0. 1. 1. 1. 1. 0. 0. 0. 0. 1. 0. 0.
 0. 0. 1. 0. 0. 0. 0. 0. 1. 1. 0. 1. 1. 1. 0. 0. 0. 0. 0. 0. 0. 0. 1. 0.
 0.]
              precision    recall  f1-score   support

         0.0       0.52      0.60      0.56        25
         1.0       0.50      0.42      0.45        24

    accuracy                           0.51        49
   macro avg       0.51      0.51      0.51        49
weighted avg       0.51      0.51      0.51        49

Acuratetea pt fold 2 este 0.5102040816326531 

Matricea de confuzie pt fold 2 este: 
 [[15 10]
 [14 10]]
FOLD:  3
Instantele de antrenare sunt: 
      PLI_alpha_cost  PLI_alpha_lungime_medie  PLI_alpha_coeficient_clusterizare  PLI_alpha_eficienta_globala  PLI_beta_cost  PLI_beta_lungime_medie  PLI_beta_coeficient_clusterizare  PLI_beta_eficienta_globala  WPLI_alpha_cost  WPLI_alpha_lungime_medie  WPLI_alpha_coeficient_clusterizare  WPLI_alpha_eficienta_globala  WPLI_beta_cost  WPLI_beta_lungime_medie  WPLI_beta_coeficient_clusterizare  WPLI_beta_eficienta_globala  coherence_alpha_cost  coherence_alpha_lungime_medie  coherence_alpha_coeficient_clusterizare  coherence_alpha_eficienta_globala  coherence_beta_cost  coherence_beta_lungime_medie  coherence_beta_coeficient_clusterizare  coherence_beta_eficienta_globala
0          0.100205                 0.151169                           0.564738                     7.603343       0.050477                0.071681                          0.448656                   16.374822         0.093265                  0.128641                            0.433060                      8.717206        0.057260                 0.070015                           0.471686                    13.030132              0.287813                       0.380069                                 0.497232                           3.039375             0.285577                      0.373802                                0.601295                          3.102188
3          0.208384                 0.271502                           0.454318                     3.387623       0.043698                0.064236                          0.496985                   17.557896         0.257012                  0.400398                            0.408290                      2.908287        0.054680                 0.081291                           0.416735                    13.821941              0.651125                       0.760425                                 0.580987                           0.985579             0.616324                      0.592754                                0.584317                          0.958872
4          0.125144                 0.173418                           0.388243                     6.671295       0.050309                0.069281                          0.414308                   16.523962         0.157849                  0.220238                            0.425590                      5.173990        0.060867                 0.082965                           0.392523                    13.701806              0.315071                       0.442165                                 0.618728                           2.684731             0.279085                      0.369150                                0.653600                          3.260583
5          0.073093                 0.098416                           0.435737                    11.858996       0.041426                0.050479                          0.483759                   17.650289         0.090074                  0.119675                            0.480789                      9.663649        0.048464                 0.061624                           0.492719                    14.739151              0.470991                       0.679383                                 0.708001                           1.693886             0.515743                      0.766321                                0.677941                          1.534298
6          0.168410                 0.241145                           0.567247                     4.773159       0.048593                0.070075                          0.518615                   16.210074         0.093829                  0.134943                            0.353759                      8.412988        0.044115                 0.062728                           0.398629                    17.838350              0.438252                       0.569120                                 0.605988                           1.660002             0.355243                      0.338904                                0.528503                          2.110033
..              ...                      ...                                ...                          ...            ...                     ...                               ...                         ...              ...                       ...                                 ...                           ...             ...                      ...                                ...                          ...                   ...                            ...                                      ...                                ...                  ...                           ...                                     ...                               ...
237        0.228581                 0.338170                           0.465433                     3.374270       0.046404                0.064796                          0.480368                   17.756676         0.181410                  0.225764                            0.450843                      3.948416        0.085221                 0.120387                           0.359961                     9.514566              0.928461                       0.628245                                 0.615273                           0.507402             0.940888                      0.620461                                0.663454                          0.498422
238        0.088908                 0.133889                           0.516393                     8.537524       0.049298                0.071923                          0.526093                   16.190130         0.104863                  0.148306                            0.526428                      7.575256        0.061915                 0.080319                           0.484238                    11.498959              0.777368                       0.752706                                 0.655543                           0.732653             0.768014                      0.885206                                0.657809                          0.806265
239        0.159733                 0.239775                           0.517993                     4.701789       0.090267                0.136866                          0.412769                    8.237825         0.184025                  0.273600                            0.444849                      4.141528        0.108704                 0.162659                           0.381270                     6.877220              0.529342                       0.799524                                 0.667126                           1.441705             0.464128                      0.684804                                0.712243                          1.675567
240        0.090364                 0.134462                           0.542310                     8.502634       0.050257                0.069726                          0.396945                   16.343445         0.123244                  0.188261                            0.606791                      6.068671        0.031837                 0.043539                           0.416959                    26.359863              0.495314                       0.696211                                 0.652539                           1.643026             0.472525                      0.694567                                0.779044                          1.694293
241        0.075113                 0.106712                           0.474896                    10.583834       0.047820                0.067402                          0.430521                   16.681925         0.077340                  0.104585                            0.468270                     10.856429        0.057500                 0.083447                           0.487267                    13.727192              0.818025                       0.658844                                 0.617092                           0.637580             0.800016                      0.505166                                0.647604                          0.604709

[194 rows x 24 columns] 

Clasele de antrenare sunt: 
 0      1.0
3      0.0
4      0.0
5      0.0
6      1.0
      ... 
237    1.0
238    0.0
239    0.0
240    1.0
241    1.0
Name: emotie, Length: 194, dtype: float64 

Instantele de test sunt: 
 1      1.0
2      1.0
9      0.0
14     0.0
25     0.0
26     1.0
30     1.0
35     1.0
40     0.0
43     0.0
66     1.0
67     1.0
71     1.0
88     0.0
89     0.0
93     0.0
94     0.0
97     1.0
101    1.0
102    0.0
103    1.0
107    0.0
119    1.0
128    1.0
132    0.0
138    1.0
140    1.0
150    0.0
153    0.0
154    0.0
158    1.0
162    0.0
164    1.0
168    1.0
169    1.0
178    0.0
180    0.0
181    0.0
188    0.0
191    1.0
196    0.0
200    0.0
220    1.0
223    1.0
228    1.0
234    0.0
235    1.0
236    0.0
Name: emotie, dtype: float64 

Exista 48 instante de test
Clase reale: 
 [1. 1. 0. 0. 0. 1. 1. 1. 0. 0. 1. 1. 1. 0. 0. 0. 0. 1. 1. 0. 1. 0. 1. 1.
 0. 1. 1. 0. 0. 0. 1. 0. 1. 1. 1. 0. 0. 0. 0. 1. 0. 0. 1. 1. 1. 0. 1. 0.]
Numarul de zero-uri din setul initial: 24
Numarul de unu-uri din setul initial: 24
Clase predicted de SVM: 
 [0. 0. 0. 0. 0. 0. 0. 1. 0. 0. 0. 0. 0. 0. 0. 0. 0. 0. 0. 0. 1. 0. 1. 0.
 0. 0. 0. 0. 0. 0. 0. 0. 0. 1. 0. 0. 0. 0. 0. 0. 0. 0. 1. 0. 1. 0. 0. 0.]
              precision    recall  f1-score   support

         0.0       0.57      1.00      0.73        24
         1.0       1.00      0.25      0.40        24

    accuracy                           0.62        48
   macro avg       0.79      0.62      0.56        48
weighted avg       0.79      0.62      0.56        48

Acuratetea pt fold 3 este 0.625 

Matricea de confuzie pt fold 3 este: 
 [[24  0]
 [18  6]]
FOLD:  4
Instantele de antrenare sunt: 
      PLI_alpha_cost  PLI_alpha_lungime_medie  PLI_alpha_coeficient_clusterizare  PLI_alpha_eficienta_globala  PLI_beta_cost  PLI_beta_lungime_medie  PLI_beta_coeficient_clusterizare  PLI_beta_eficienta_globala  WPLI_alpha_cost  WPLI_alpha_lungime_medie  WPLI_alpha_coeficient_clusterizare  WPLI_alpha_eficienta_globala  WPLI_beta_cost  WPLI_beta_lungime_medie  WPLI_beta_coeficient_clusterizare  WPLI_beta_eficienta_globala  coherence_alpha_cost  coherence_alpha_lungime_medie  coherence_alpha_coeficient_clusterizare  coherence_alpha_eficienta_globala  coherence_beta_cost  coherence_beta_lungime_medie  coherence_beta_coeficient_clusterizare  coherence_beta_eficienta_globala
1          0.109149                 0.146512                           0.563054                     7.706798       0.072924                0.107111                          0.434514                   10.683165         0.138434                  0.130090                            0.464563                      4.313046        0.094476                 0.141470                           0.651501                     7.842264              0.402412                       0.489388                                 0.608512                           2.412343             0.407760                      0.511892                                0.668182                          2.330455
2          0.073348                 0.103602                           0.594685                    10.835229       0.058916                0.082320                          0.592551                   13.841485         0.214642                  0.323624                            0.390377                      3.536132        0.071204                 0.102006                           0.519017                    10.860658              0.679723                       0.983392                                 0.776627                           0.977669             0.691553                      0.958473                                0.730202                          0.970088
4          0.125144                 0.173418                           0.388243                     6.671295       0.050309                0.069281                          0.414308                   16.523962         0.157849                  0.220238                            0.425590                      5.173990        0.060867                 0.082965                           0.392523                    13.701806              0.315071                       0.442165                                 0.618728                           2.684731             0.279085                      0.369150                                0.653600                          3.260583
6          0.168410                 0.241145                           0.567247                     4.773159       0.048593                0.070075                          0.518615                   16.210074         0.093829                  0.134943                            0.353759                      8.412988        0.044115                 0.062728                           0.398629                    17.838350              0.438252                       0.569120                                 0.605988                           1.660002             0.355243                      0.338904                                0.528503                          2.110033
7          0.067777                 0.097918                           0.441156                    11.468011       0.039679                0.056958                          0.571151                   19.978737         0.083783                  0.118024                            0.445219                      9.669988        0.046723                 0.066865                           0.462167                    16.963497              0.268564                       0.318902                                 0.474527                           3.628353             0.250912                      0.297663                                0.531598                          3.980016
..              ...                      ...                                ...                          ...            ...                     ...                               ...                         ...              ...                       ...                                 ...                           ...             ...                      ...                                ...                          ...                   ...                            ...                                      ...                                ...                  ...                           ...                                     ...                               ...
237        0.228581                 0.338170                           0.465433                     3.374270       0.046404                0.064796                          0.480368                   17.756676         0.181410                  0.225764                            0.450843                      3.948416        0.085221                 0.120387                           0.359961                     9.514566              0.928461                       0.628245                                 0.615273                           0.507402             0.940888                      0.620461                                0.663454                          0.498422
238        0.088908                 0.133889                           0.516393                     8.537524       0.049298                0.071923                          0.526093                   16.190130         0.104863                  0.148306                            0.526428                      7.575256        0.061915                 0.080319                           0.484238                    11.498959              0.777368                       0.752706                                 0.655543                           0.732653             0.768014                      0.885206                                0.657809                          0.806265
239        0.159733                 0.239775                           0.517993                     4.701789       0.090267                0.136866                          0.412769                    8.237825         0.184025                  0.273600                            0.444849                      4.141528        0.108704                 0.162659                           0.381270                     6.877220              0.529342                       0.799524                                 0.667126                           1.441705             0.464128                      0.684804                                0.712243                          1.675567
240        0.090364                 0.134462                           0.542310                     8.502634       0.050257                0.069726                          0.396945                   16.343445         0.123244                  0.188261                            0.606791                      6.068671        0.031837                 0.043539                           0.416959                    26.359863              0.495314                       0.696211                                 0.652539                           1.643026             0.472525                      0.694567                                0.779044                          1.694293
241        0.075113                 0.106712                           0.474896                    10.583834       0.047820                0.067402                          0.430521                   16.681925         0.077340                  0.104585                            0.468270                     10.856429        0.057500                 0.083447                           0.487267                    13.727192              0.818025                       0.658844                                 0.617092                           0.637580             0.800016                      0.505166                                0.647604                          0.604709

[194 rows x 24 columns] 

Clasele de antrenare sunt: 
 1      1.0
2      1.0
4      0.0
6      1.0
7      0.0
      ... 
237    1.0
238    0.0
239    0.0
240    1.0
241    1.0
Name: emotie, Length: 194, dtype: float64 

Instantele de test sunt: 
 0      1.0
3      0.0
5      0.0
8      1.0
12     1.0
18     0.0
23     1.0
32     0.0
41     0.0
45     1.0
47     0.0
50     0.0
56     0.0
57     1.0
68     0.0
75     1.0
87     0.0
98     1.0
99     1.0
104    1.0
110    1.0
114    1.0
118    0.0
121    0.0
131    0.0
134    1.0
135    0.0
136    1.0
137    1.0
144    0.0
155    1.0
157    1.0
167    0.0
175    0.0
182    0.0
184    1.0
185    1.0
187    1.0
198    0.0
206    0.0
208    0.0
210    1.0
212    0.0
218    0.0
224    1.0
227    0.0
229    1.0
231    1.0
Name: emotie, dtype: float64 

Exista 48 instante de test
Clase reale: 
 [1. 0. 0. 1. 1. 0. 1. 0. 0. 1. 0. 0. 0. 1. 0. 1. 0. 1. 1. 1. 1. 1. 0. 0.
 0. 1. 0. 1. 1. 0. 1. 1. 0. 0. 0. 1. 1. 1. 0. 0. 0. 1. 0. 0. 1. 0. 1. 1.]
Numarul de zero-uri din setul initial: 24
Numarul de unu-uri din setul initial: 24
Clase predicted de SVM: 
 [0. 1. 1. 1. 1. 1. 0. 1. 1. 1. 0. 0. 0. 1. 0. 1. 0. 1. 0. 0. 0. 1. 1. 0.
 0. 0. 1. 1. 0. 0. 1. 1. 0. 0. 0. 1. 0. 1. 0. 0. 0. 1. 1. 0. 0. 0. 0. 1.]
              precision    recall  f1-score   support

         0.0       0.62      0.67      0.64        24
         1.0       0.64      0.58      0.61        24

    accuracy                           0.62        48
   macro avg       0.63      0.62      0.62        48
weighted avg       0.63      0.62      0.62        48

Acuratetea pt fold 4 este 0.625 

Matricea de confuzie pt fold 4 este: 
 [[16  8]
 [10 14]]
FOLD:  5
Instantele de antrenare sunt: 
      PLI_alpha_cost  PLI_alpha_lungime_medie  PLI_alpha_coeficient_clusterizare  PLI_alpha_eficienta_globala  PLI_beta_cost  PLI_beta_lungime_medie  PLI_beta_coeficient_clusterizare  PLI_beta_eficienta_globala  WPLI_alpha_cost  WPLI_alpha_lungime_medie  WPLI_alpha_coeficient_clusterizare  WPLI_alpha_eficienta_globala  WPLI_beta_cost  WPLI_beta_lungime_medie  WPLI_beta_coeficient_clusterizare  WPLI_beta_eficienta_globala  coherence_alpha_cost  coherence_alpha_lungime_medie  coherence_alpha_coeficient_clusterizare  coherence_alpha_eficienta_globala  coherence_beta_cost  coherence_beta_lungime_medie  coherence_beta_coeficient_clusterizare  coherence_beta_eficienta_globala
0          0.100205                 0.151169                           0.564738                     7.603343       0.050477                0.071681                          0.448656                   16.374822         0.093265                  0.128641                            0.433060                      8.717206        0.057260                 0.070015                           0.471686                    13.030132              0.287813                       0.380069                                 0.497232                           3.039375             0.285577                      0.373802                                0.601295                          3.102188
1          0.109149                 0.146512                           0.563054                     7.706798       0.072924                0.107111                          0.434514                   10.683165         0.138434                  0.130090                            0.464563                      4.313046        0.094476                 0.141470                           0.651501                     7.842264              0.402412                       0.489388                                 0.608512                           2.412343             0.407760                      0.511892                                0.668182                          2.330455
2          0.073348                 0.103602                           0.594685                    10.835229       0.058916                0.082320                          0.592551                   13.841485         0.214642                  0.323624                            0.390377                      3.536132        0.071204                 0.102006                           0.519017                    10.860658              0.679723                       0.983392                                 0.776627                           0.977669             0.691553                      0.958473                                0.730202                          0.970088
3          0.208384                 0.271502                           0.454318                     3.387623       0.043698                0.064236                          0.496985                   17.557896         0.257012                  0.400398                            0.408290                      2.908287        0.054680                 0.081291                           0.416735                    13.821941              0.651125                       0.760425                                 0.580987                           0.985579             0.616324                      0.592754                                0.584317                          0.958872
4          0.125144                 0.173418                           0.388243                     6.671295       0.050309                0.069281                          0.414308                   16.523962         0.157849                  0.220238                            0.425590                      5.173990        0.060867                 0.082965                           0.392523                    13.701806              0.315071                       0.442165                                 0.618728                           2.684731             0.279085                      0.369150                                0.653600                          3.260583
..              ...                      ...                                ...                          ...            ...                     ...                               ...                         ...              ...                       ...                                 ...                           ...             ...                      ...                                ...                          ...                   ...                            ...                                      ...                                ...                  ...                           ...                                     ...                               ...
236        0.103221                 0.142373                           0.489497                     8.015447       0.045546                0.065478                          0.424854                   17.470018         0.125416                  0.178480                            0.514259                      6.368630        0.054263                 0.078296                           0.431328                    14.543989              0.373395                       0.392178                                 0.577231                           2.370572             0.343997                      0.318534                                0.571034                          2.922279
237        0.228581                 0.338170                           0.465433                     3.374270       0.046404                0.064796                          0.480368                   17.756676         0.181410                  0.225764                            0.450843                      3.948416        0.085221                 0.120387                           0.359961                     9.514566              0.928461                       0.628245                                 0.615273                           0.507402             0.940888                      0.620461                                0.663454                          0.498422
238        0.088908                 0.133889                           0.516393                     8.537524       0.049298                0.071923                          0.526093                   16.190130         0.104863                  0.148306                            0.526428                      7.575256        0.061915                 0.080319                           0.484238                    11.498959              0.777368                       0.752706                                 0.655543                           0.732653             0.768014                      0.885206                                0.657809                          0.806265
239        0.159733                 0.239775                           0.517993                     4.701789       0.090267                0.136866                          0.412769                    8.237825         0.184025                  0.273600                            0.444849                      4.141528        0.108704                 0.162659                           0.381270                     6.877220              0.529342                       0.799524                                 0.667126                           1.441705             0.464128                      0.684804                                0.712243                          1.675567
241        0.075113                 0.106712                           0.474896                    10.583834       0.047820                0.067402                          0.430521                   16.681925         0.077340                  0.104585                            0.468270                     10.856429        0.057500                 0.083447                           0.487267                    13.727192              0.818025                       0.658844                                 0.617092                           0.637580             0.800016                      0.505166                                0.647604                          0.604709

[194 rows x 24 columns] 

Clasele de antrenare sunt: 
 0      1.0
1      1.0
2      1.0
3      0.0
4      0.0
      ... 
236    0.0
237    1.0
238    0.0
239    0.0
241    1.0
Name: emotie, Length: 194, dtype: float64 

Instantele de test sunt: 
 6      1.0
7      0.0
13     0.0
17     1.0
19     1.0
20     1.0
24     1.0
27     1.0
29     1.0
33     0.0
36     1.0
38     0.0
39     1.0
44     1.0
49     1.0
58     1.0
59     0.0
62     0.0
79     0.0
80     0.0
81     1.0
86     0.0
92     1.0
111    1.0
116    1.0
122    0.0
123    0.0
125    0.0
126    0.0
127    1.0
145    1.0
151    1.0
159    0.0
161    1.0
163    0.0
170    0.0
179    1.0
186    0.0
189    0.0
190    0.0
193    0.0
194    0.0
195    0.0
197    1.0
211    0.0
214    1.0
232    0.0
240    1.0
Name: emotie, dtype: float64 

Exista 48 instante de test
Clase reale: 
 [1. 0. 0. 1. 1. 1. 1. 1. 1. 0. 1. 0. 1. 1. 1. 1. 0. 0. 0. 0. 1. 0. 1. 1.
 1. 0. 0. 0. 0. 1. 1. 1. 0. 1. 0. 0. 1. 0. 0. 0. 0. 0. 0. 1. 0. 1. 0. 1.]
Numarul de zero-uri din setul initial: 24
Numarul de unu-uri din setul initial: 24
Clase predicted de SVM: 
 [0. 0. 0. 0. 0. 0. 0. 0. 0. 0. 0. 0. 0. 1. 1. 0. 0. 0. 0. 0. 0. 0. 0. 1.
 0. 0. 0. 0. 0. 0. 0. 0. 0. 0. 0. 0. 0. 0. 0. 0. 0. 0. 0. 0. 0. 0. 0. 0.]
              precision    recall  f1-score   support

         0.0       0.53      1.00      0.70        24
         1.0       1.00      0.12      0.22        24

    accuracy                           0.56        48
   macro avg       0.77      0.56      0.46        48
weighted avg       0.77      0.56      0.46        48

Acuratetea pt fold 5 este 0.5625 

Matricea de confuzie pt fold 5 este: 
 [[24  0]
 [21  3]]
ACURATETEA MEDIE DETERMINATA ESTE 0.5788265306122449 

Matricea de confuzie finala este: 
 [[103.  18.]
 [ 84.  37.]]
