FOLD:  1
Instantele de antrenare sunt: 
      WPLI_alpha_cost  WPLI_alpha_lungime_medie  WPLI_alpha_coeficient_clusterizare  WPLI_alpha_eficienta_globala  WPLI_beta_cost  WPLI_beta_lungime_medie  WPLI_beta_coeficient_clusterizare  WPLI_beta_eficienta_globala
0           0.094054                  0.138573                            0.504941                      8.239325        0.064980                 0.101003                           0.512672                    11.449520
1           0.176577                  0.275428                            0.544425                      4.212657        0.087523                 0.127827                           0.570796                     9.050570
2           0.075930                  0.110107                            0.617305                     10.340177        0.063482                 0.084436                           0.436535                    10.697904
3           0.135676                  0.197457                            0.330546                      5.728435        0.055365                 0.080643                           0.385399                    14.017928
4           0.113915                  0.153807                            0.669895                      7.479016        0.048593                 0.069357                           0.496552                    16.306794
..               ...                       ...                                 ...                           ...             ...                      ...                                ...                          ...
235         0.142259                  0.211995                            0.462493                      5.359427        0.057139                 0.083713                           0.454773                    13.636209
237         0.108344                  0.151328                            0.515195                      7.556158        0.075944                 0.109780                           0.437734                    10.350245
238         0.257012                  0.400398                            0.408290                      2.908287        0.054680                 0.081291                           0.416735                    13.821941
239         0.220372                  0.331699                            0.569598                      3.373754        0.120404                 0.144770                           0.575355                     6.299833
240         0.205430                  0.319316                            0.443668                      3.706750        0.139227                 0.148677                           0.408263                     4.712121

[193 rows x 8 columns] 

Clasele de antrenare sunt: 
 0      0.0
1      1.0
2      0.0
3      1.0
4      1.0
      ... 
235    0.0
237    0.0
238    0.0
239    1.0
240    1.0
Name: emotie, Length: 193, dtype: float64 

Instantele de test sunt: 
 18     1.0
22     1.0
26     0.0
37     1.0
39     1.0
49     1.0
56     0.0
58     1.0
63     1.0
67     1.0
72     1.0
86     0.0
92     0.0
110    1.0
116    0.0
121    0.0
125    1.0
126    0.0
137    1.0
138    0.0
141    1.0
147    0.0
153    1.0
155    0.0
160    1.0
161    1.0
163    1.0
167    0.0
173    0.0
178    0.0
183    0.0
187    1.0
188    0.0
197    1.0
200    1.0
208    0.0
210    1.0
211    1.0
213    0.0
214    1.0
216    0.0
219    0.0
222    0.0
227    0.0
228    0.0
231    0.0
234    0.0
236    0.0
241    1.0
Name: emotie, dtype: float64 

Exista 49 instante de test
Clase reale: 
 [1. 1. 0. 1. 1. 1. 0. 1. 1. 1. 1. 0. 0. 1. 0. 0. 1. 0. 1. 0. 1. 0. 1. 0.
 1. 1. 1. 0. 0. 0. 0. 1. 0. 1. 1. 0. 1. 1. 0. 1. 0. 0. 0. 0. 0. 0. 0. 0.
 1.]
Numarul de zero-uri din setul initial: 25
Numarul de unu-uri din setul initial: 24
Clase predicted de SVM: 
 [1. 0. 0. 0. 1. 0. 0. 0. 0. 0. 0. 0. 0. 0. 0. 0. 0. 0. 0. 0. 1. 0. 0. 0.
 1. 0. 0. 1. 0. 0. 0. 0. 0. 0. 0. 0. 0. 0. 0. 0. 1. 1. 1. 0. 0. 0. 0. 0.
 1.]
              precision    recall  f1-score   support

         0.0       0.53      0.84      0.65        25
         1.0       0.56      0.21      0.30        24

    accuracy                           0.53        49
   macro avg       0.54      0.52      0.47        49
weighted avg       0.54      0.53      0.48        49

Acuratetea pt fold 1 este 0.5306122448979592 

Matricea de confuzie pt fold 1 este: 
 [[21  4]
 [19  5]]
FOLD:  2
Instantele de antrenare sunt: 
      WPLI_alpha_cost  WPLI_alpha_lungime_medie  WPLI_alpha_coeficient_clusterizare  WPLI_alpha_eficienta_globala  WPLI_beta_cost  WPLI_beta_lungime_medie  WPLI_beta_coeficient_clusterizare  WPLI_beta_eficienta_globala
0           0.094054                  0.138573                            0.504941                      8.239325        0.064980                 0.101003                           0.512672                    11.449520
1           0.176577                  0.275428                            0.544425                      4.212657        0.087523                 0.127827                           0.570796                     9.050570
2           0.075930                  0.110107                            0.617305                     10.340177        0.063482                 0.084436                           0.436535                    10.697904
4           0.113915                  0.153807                            0.669895                      7.479016        0.048593                 0.069357                           0.496552                    16.306794
5           0.185833                  0.233944                            0.398682                      3.807971        0.077637                 0.117864                           0.485475                     9.732494
..               ...                       ...                                 ...                           ...             ...                      ...                                ...                          ...
235         0.142259                  0.211995                            0.462493                      5.359427        0.057139                 0.083713                           0.454773                    13.636209
236         0.081761                  0.117884                            0.437640                      9.516697        0.058562                 0.079800                           0.481362                    14.188691
237         0.108344                  0.151328                            0.515195                      7.556158        0.075944                 0.109780                           0.437734                    10.350245
239         0.220372                  0.331699                            0.569598                      3.373754        0.120404                 0.144770                           0.575355                     6.299833
241         0.089905                  0.132705                            0.511749                      8.517491        0.044402                 0.064276                           0.528146                    17.717273

[193 rows x 8 columns] 

Clasele de antrenare sunt: 
 0      0.0
1      1.0
2      0.0
4      1.0
5      0.0
      ... 
235    0.0
236    0.0
237    0.0
239    1.0
241    1.0
Name: emotie, Length: 193, dtype: float64 

Instantele de test sunt: 
 3      1.0
9      0.0
11     0.0
14     1.0
17     0.0
24     1.0
28     1.0
33     1.0
35     1.0
40     1.0
41     1.0
51     1.0
52     1.0
57     1.0
62     1.0
68     1.0
69     0.0
70     0.0
77     0.0
78     0.0
80     1.0
85     1.0
88     0.0
90     0.0
93     1.0
96     1.0
97     1.0
100    0.0
103    0.0
105    0.0
109    0.0
117    0.0
128    0.0
130    0.0
132    1.0
135    0.0
136    0.0
140    1.0
158    1.0
159    0.0
165    0.0
168    1.0
198    1.0
204    1.0
209    0.0
212    0.0
221    0.0
238    0.0
240    1.0
Name: emotie, dtype: float64 

Exista 49 instante de test
Clase reale: 
 [1. 0. 0. 1. 0. 1. 1. 1. 1. 1. 1. 1. 1. 1. 1. 1. 0. 0. 0. 0. 1. 1. 0. 0.
 1. 1. 1. 0. 0. 0. 0. 0. 0. 0. 1. 0. 0. 1. 1. 0. 0. 1. 1. 1. 0. 0. 0. 0.
 1.]
Numarul de zero-uri din setul initial: 24
Numarul de unu-uri din setul initial: 25
Clase predicted de SVM: 
 [1. 0. 0. 0. 1. 1. 1. 0. 0. 0. 1. 1. 1. 0. 0. 1. 0. 0. 1. 1. 0. 0. 0. 1.
 1. 0. 1. 0. 0. 0. 0. 0. 0. 1. 0. 0. 0. 0. 0. 1. 1. 0. 0. 1. 1. 1. 0. 1.
 1.]
              precision    recall  f1-score   support

         0.0       0.50      0.58      0.54        24
         1.0       0.52      0.44      0.48        25

    accuracy                           0.51        49
   macro avg       0.51      0.51      0.51        49
weighted avg       0.51      0.51      0.51        49

Acuratetea pt fold 2 este 0.5102040816326531 

Matricea de confuzie pt fold 2 este: 
 [[14 10]
 [14 11]]
FOLD:  3
Instantele de antrenare sunt: 
      WPLI_alpha_cost  WPLI_alpha_lungime_medie  WPLI_alpha_coeficient_clusterizare  WPLI_alpha_eficienta_globala  WPLI_beta_cost  WPLI_beta_lungime_medie  WPLI_beta_coeficient_clusterizare  WPLI_beta_eficienta_globala
0           0.094054                  0.138573                            0.504941                      8.239325        0.064980                 0.101003                           0.512672                    11.449520
1           0.176577                  0.275428                            0.544425                      4.212657        0.087523                 0.127827                           0.570796                     9.050570
3           0.135676                  0.197457                            0.330546                      5.728435        0.055365                 0.080643                           0.385399                    14.017928
4           0.113915                  0.153807                            0.669895                      7.479016        0.048593                 0.069357                           0.496552                    16.306794
6           0.075021                  0.099352                            0.635428                      9.269396        0.033147                 0.038351                           0.734612                    33.175512
..               ...                       ...                                 ...                           ...             ...                      ...                                ...                          ...
236         0.081761                  0.117884                            0.437640                      9.516697        0.058562                 0.079800                           0.481362                    14.188691
237         0.108344                  0.151328                            0.515195                      7.556158        0.075944                 0.109780                           0.437734                    10.350245
238         0.257012                  0.400398                            0.408290                      2.908287        0.054680                 0.081291                           0.416735                    13.821941
240         0.205430                  0.319316                            0.443668                      3.706750        0.139227                 0.148677                           0.408263                     4.712121
241         0.089905                  0.132705                            0.511749                      8.517491        0.044402                 0.064276                           0.528146                    17.717273

[194 rows x 8 columns] 

Clasele de antrenare sunt: 
 0      0.0
1      1.0
3      1.0
4      1.0
6      1.0
      ... 
236    0.0
237    0.0
238    0.0
240    1.0
241    1.0
Name: emotie, Length: 194, dtype: float64 

Instantele de test sunt: 
 2      0.0
5      0.0
10     1.0
13     1.0
20     1.0
30     1.0
34     1.0
43     0.0
47     0.0
53     0.0
75     1.0
79     1.0
81     1.0
82     1.0
83     0.0
84     0.0
87     0.0
91     1.0
95     1.0
106    0.0
113    0.0
114    0.0
122    1.0
129    0.0
133    0.0
144    1.0
145    0.0
146    1.0
148    1.0
150    0.0
151    1.0
170    1.0
171    1.0
172    0.0
174    1.0
176    0.0
180    0.0
181    0.0
182    1.0
192    1.0
196    1.0
202    0.0
220    0.0
223    0.0
229    0.0
232    1.0
235    0.0
239    1.0
Name: emotie, dtype: float64 

Exista 48 instante de test
Clase reale: 
 [0. 0. 1. 1. 1. 1. 1. 0. 0. 0. 1. 1. 1. 1. 0. 0. 0. 1. 1. 0. 0. 0. 1. 0.
 0. 1. 0. 1. 1. 0. 1. 1. 1. 0. 1. 0. 0. 0. 1. 1. 1. 0. 0. 0. 0. 1. 0. 1.]
Numarul de zero-uri din setul initial: 24
Numarul de unu-uri din setul initial: 24
Clase predicted de SVM: 
 [0. 1. 0. 0. 1. 0. 0. 0. 1. 1. 0. 0. 0. 0. 0. 1. 1. 0. 1. 0. 1. 0. 0. 0.
 1. 1. 0. 0. 1. 0. 0. 1. 1. 1. 0. 0. 0. 0. 1. 0. 1. 1. 0. 0. 0. 1. 1. 1.]
              precision    recall  f1-score   support

         0.0       0.50      0.58      0.54        24
         1.0       0.50      0.42      0.45        24

    accuracy                           0.50        48
   macro avg       0.50      0.50      0.50        48
weighted avg       0.50      0.50      0.50        48

Acuratetea pt fold 3 este 0.5 

Matricea de confuzie pt fold 3 este: 
 [[14 10]
 [14 10]]
FOLD:  4
Instantele de antrenare sunt: 
      WPLI_alpha_cost  WPLI_alpha_lungime_medie  WPLI_alpha_coeficient_clusterizare  WPLI_alpha_eficienta_globala  WPLI_beta_cost  WPLI_beta_lungime_medie  WPLI_beta_coeficient_clusterizare  WPLI_beta_eficienta_globala
2           0.075930                  0.110107                            0.617305                     10.340177        0.063482                 0.084436                           0.436535                    10.697904
3           0.135676                  0.197457                            0.330546                      5.728435        0.055365                 0.080643                           0.385399                    14.017928
5           0.185833                  0.233944                            0.398682                      3.807971        0.077637                 0.117864                           0.485475                     9.732494
6           0.075021                  0.099352                            0.635428                      9.269396        0.033147                 0.038351                           0.734612                    33.175512
7           0.095721                  0.117559                            0.673511                      7.619393        0.051324                 0.073555                           0.405107                    15.442136
..               ...                       ...                                 ...                           ...             ...                      ...                                ...                          ...
237         0.108344                  0.151328                            0.515195                      7.556158        0.075944                 0.109780                           0.437734                    10.350245
238         0.257012                  0.400398                            0.408290                      2.908287        0.054680                 0.081291                           0.416735                    13.821941
239         0.220372                  0.331699                            0.569598                      3.373754        0.120404                 0.144770                           0.575355                     6.299833
240         0.205430                  0.319316                            0.443668                      3.706750        0.139227                 0.148677                           0.408263                     4.712121
241         0.089905                  0.132705                            0.511749                      8.517491        0.044402                 0.064276                           0.528146                    17.717273

[194 rows x 8 columns] 

Clasele de antrenare sunt: 
 2      0.0
3      1.0
5      0.0
6      1.0
7      0.0
      ... 
237    0.0
238    0.0
239    1.0
240    1.0
241    1.0
Name: emotie, Length: 194, dtype: float64 

Instantele de test sunt: 
 0      0.0
1      1.0
4      1.0
8      0.0
15     0.0
16     1.0
25     1.0
31     0.0
32     1.0
36     1.0
38     1.0
44     1.0
54     1.0
61     0.0
71     0.0
74     1.0
89     0.0
98     1.0
99     1.0
107    0.0
108    0.0
115    0.0
118    1.0
119    0.0
123    1.0
124    0.0
134    1.0
139    0.0
142    0.0
143    0.0
154    1.0
164    1.0
166    0.0
169    0.0
177    1.0
193    0.0
194    0.0
195    1.0
199    0.0
201    1.0
203    1.0
207    1.0
215    0.0
218    1.0
224    1.0
225    0.0
230    0.0
233    0.0
Name: emotie, dtype: float64 

Exista 48 instante de test
Clase reale: 
 [0. 1. 1. 0. 0. 1. 1. 0. 1. 1. 1. 1. 1. 0. 0. 1. 0. 1. 1. 0. 0. 0. 1. 0.
 1. 0. 1. 0. 0. 0. 1. 1. 0. 0. 1. 0. 0. 1. 0. 1. 1. 1. 0. 1. 1. 0. 0. 0.]
Numarul de zero-uri din setul initial: 24
Numarul de unu-uri din setul initial: 24
Clase predicted de SVM: 
 [0. 1. 0. 0. 0. 1. 0. 0. 1. 0. 1. 0. 0. 1. 0. 0. 1. 0. 0. 1. 1. 0. 1. 1.
 1. 1. 0. 1. 0. 1. 0. 0. 1. 1. 1. 0. 0. 1. 1. 0. 1. 1. 0. 1. 1. 1. 0. 0.]
              precision    recall  f1-score   support

         0.0       0.50      0.50      0.50        24
         1.0       0.50      0.50      0.50        24

    accuracy                           0.50        48
   macro avg       0.50      0.50      0.50        48
weighted avg       0.50      0.50      0.50        48

Acuratetea pt fold 4 este 0.5 

Matricea de confuzie pt fold 4 este: 
 [[12 12]
 [12 12]]
FOLD:  5
Instantele de antrenare sunt: 
      WPLI_alpha_cost  WPLI_alpha_lungime_medie  WPLI_alpha_coeficient_clusterizare  WPLI_alpha_eficienta_globala  WPLI_beta_cost  WPLI_beta_lungime_medie  WPLI_beta_coeficient_clusterizare  WPLI_beta_eficienta_globala
0           0.094054                  0.138573                            0.504941                      8.239325        0.064980                 0.101003                           0.512672                    11.449520
1           0.176577                  0.275428                            0.544425                      4.212657        0.087523                 0.127827                           0.570796                     9.050570
2           0.075930                  0.110107                            0.617305                     10.340177        0.063482                 0.084436                           0.436535                    10.697904
3           0.135676                  0.197457                            0.330546                      5.728435        0.055365                 0.080643                           0.385399                    14.017928
4           0.113915                  0.153807                            0.669895                      7.479016        0.048593                 0.069357                           0.496552                    16.306794
..               ...                       ...                                 ...                           ...             ...                      ...                                ...                          ...
236         0.081761                  0.117884                            0.437640                      9.516697        0.058562                 0.079800                           0.481362                    14.188691
238         0.257012                  0.400398                            0.408290                      2.908287        0.054680                 0.081291                           0.416735                    13.821941
239         0.220372                  0.331699                            0.569598                      3.373754        0.120404                 0.144770                           0.575355                     6.299833
240         0.205430                  0.319316                            0.443668                      3.706750        0.139227                 0.148677                           0.408263                     4.712121
241         0.089905                  0.132705                            0.511749                      8.517491        0.044402                 0.064276                           0.528146                    17.717273

[194 rows x 8 columns] 

Clasele de antrenare sunt: 
 0      0.0
1      1.0
2      0.0
3      1.0
4      1.0
      ... 
236    0.0
238    0.0
239    1.0
240    1.0
241    1.0
Name: emotie, Length: 194, dtype: float64 

Instantele de test sunt: 
 6      1.0
7      0.0
12     1.0
19     0.0
21     0.0
23     0.0
27     1.0
29     1.0
42     0.0
45     0.0
46     0.0
48     1.0
50     1.0
55     0.0
59     0.0
60     0.0
64     0.0
65     1.0
66     1.0
73     1.0
76     0.0
94     0.0
101    1.0
102    1.0
104    0.0
111    1.0
112    1.0
120    0.0
127    0.0
131    0.0
149    1.0
152    1.0
156    0.0
157    1.0
162    0.0
175    0.0
179    1.0
184    1.0
185    0.0
186    1.0
189    1.0
190    1.0
191    1.0
205    0.0
206    1.0
217    0.0
226    1.0
237    0.0
Name: emotie, dtype: float64 

Exista 48 instante de test
Clase reale: 
 [1. 0. 1. 0. 0. 0. 1. 1. 0. 0. 0. 1. 1. 0. 0. 0. 0. 1. 1. 1. 0. 0. 1. 1.
 0. 1. 1. 0. 0. 0. 1. 1. 0. 1. 0. 0. 1. 1. 0. 1. 1. 1. 1. 0. 1. 0. 1. 0.]
Numarul de zero-uri din setul initial: 24
Numarul de unu-uri din setul initial: 24
Clase predicted de SVM: 
 [1. 0. 0. 0. 0. 1. 0. 0. 0. 0. 0. 0. 0. 0. 0. 1. 0. 0. 0. 0. 0. 0. 0. 0.
 0. 0. 1. 1. 1. 1. 0. 0. 1. 0. 0. 0. 0. 0. 0. 1. 0. 0. 1. 0. 0. 0. 1. 0.]
              precision    recall  f1-score   support

         0.0       0.49      0.75      0.59        24
         1.0       0.45      0.21      0.29        24

    accuracy                           0.48        48
   macro avg       0.47      0.48      0.44        48
weighted avg       0.47      0.48      0.44        48

Acuratetea pt fold 5 este 0.4791666666666667 

Matricea de confuzie pt fold 5 este: 
 [[18  6]
 [19  5]]
ACURATETEA MEDIE DETERMINATA ESTE 0.5039965986394558 

Matricea de confuzie finala este: 
 [[79. 42.]
 [78. 43.]]
