FOLD:  1
Instantele de antrenare sunt: 
      WPLI_alpha_cost  WPLI_alpha_lungime_medie  WPLI_alpha_coeficient_clusterizare  WPLI_alpha_eficienta_globala  WPLI_beta_cost  WPLI_beta_lungime_medie  WPLI_beta_coeficient_clusterizare  WPLI_beta_eficienta_globala
0           0.098925                  0.136338                            0.441513                      8.360459        0.034033                 0.050654                           0.402727                    22.418102
1           0.270540                  0.343649                            0.496626                      2.576025        0.149727                 0.219560                           0.491586                     5.147854
2           0.134141                  0.169262                            0.333796                      5.263397        0.091160                 0.136648                           0.524250                     8.485633
3           0.233272                  0.358118                            0.433880                      3.209289        0.047653                 0.070582                           0.466712                    16.246010
4           0.102090                  0.147029                            0.539079                      7.769257        0.076127                 0.112693                           0.462740                    10.022442
..               ...                       ...                                 ...                           ...             ...                      ...                                ...                          ...
235         0.199988                  0.279051                            0.536235                      4.233698        0.050074                 0.070512                           0.507276                    16.159613
236         0.117895                  0.171866                            0.372601                      6.642259        0.049012                 0.069889                           0.426893                    16.095256
237         0.107142                  0.159424                            0.455805                      7.217305        0.051696                 0.072864                           0.473836                    15.512943
240         0.078714                  0.118316                            0.412998                      9.706876        0.033986                 0.046390                           0.515703                    24.210040
241         0.119926                  0.177158                            0.408229                      6.422930        0.085809                 0.127601                           0.410029                     8.984873

[193 rows x 8 columns] 

Clasele de antrenare sunt: 
 0      0.0
1      0.0
2      1.0
3      0.0
4      1.0
      ... 
235    0.0
236    1.0
237    1.0
240    0.0
241    0.0
Name: emotie, Length: 193, dtype: float64 

Instantele de test sunt: 
 14     1.0
16     1.0
31     0.0
41     1.0
43     1.0
51     0.0
53     1.0
67     1.0
71     1.0
74     1.0
76     0.0
79     1.0
89     0.0
110    0.0
117    1.0
119    0.0
125    0.0
130    1.0
137    0.0
139    1.0
141    1.0
145    0.0
148    0.0
155    0.0
161    1.0
164    0.0
168    0.0
170    1.0
171    1.0
173    1.0
181    0.0
187    1.0
189    0.0
200    1.0
201    0.0
205    1.0
206    0.0
208    0.0
212    0.0
215    0.0
221    0.0
222    0.0
223    1.0
224    1.0
225    1.0
230    0.0
233    0.0
238    0.0
239    1.0
Name: emotie, dtype: float64 

Exista 49 instante de test
Clase reale: 
 [1. 1. 0. 1. 1. 0. 1. 1. 1. 1. 0. 1. 0. 0. 1. 0. 0. 1. 0. 1. 1. 0. 0. 0.
 1. 0. 0. 1. 1. 1. 0. 1. 0. 1. 0. 1. 0. 0. 0. 0. 0. 0. 1. 1. 1. 0. 0. 0.
 1.]
Numarul de zero-uri din setul initial: 25
Numarul de unu-uri din setul initial: 24
Clase predicted de SVM: 
 [0. 1. 0. 0. 0. 1. 0. 0. 0. 0. 0. 0. 0. 1. 0. 0. 0. 1. 0. 1. 0. 0. 0. 0.
 1. 0. 1. 0. 0. 1. 0. 0. 1. 1. 1. 1. 0. 0. 0. 1. 1. 0. 0. 1. 0. 1. 0. 0.
 1.]
              precision    recall  f1-score   support

         0.0       0.53      0.68      0.60        25
         1.0       0.53      0.38      0.44        24

    accuracy                           0.53        49
   macro avg       0.53      0.53      0.52        49
weighted avg       0.53      0.53      0.52        49

Acuratetea pt fold 1 este 0.5306122448979592 

Matricea de confuzie pt fold 1 este: 
 [[17  8]
 [15  9]]
FOLD:  2
Instantele de antrenare sunt: 
      WPLI_alpha_cost  WPLI_alpha_lungime_medie  WPLI_alpha_coeficient_clusterizare  WPLI_alpha_eficienta_globala  WPLI_beta_cost  WPLI_beta_lungime_medie  WPLI_beta_coeficient_clusterizare  WPLI_beta_eficienta_globala
0           0.098925                  0.136338                            0.441513                      8.360459        0.034033                 0.050654                           0.402727                    22.418102
1           0.270540                  0.343649                            0.496626                      2.576025        0.149727                 0.219560                           0.491586                     5.147854
2           0.134141                  0.169262                            0.333796                      5.263397        0.091160                 0.136648                           0.524250                     8.485633
3           0.233272                  0.358118                            0.433880                      3.209289        0.047653                 0.070582                           0.466712                    16.246010
5           0.355906                  0.463556                            0.374770                      1.948548        0.071361                 0.101387                           0.538026                    11.150866
..               ...                       ...                                 ...                           ...             ...                      ...                                ...                          ...
235         0.199988                  0.279051                            0.536235                      4.233698        0.050074                 0.070512                           0.507276                    16.159613
236         0.117895                  0.171866                            0.372601                      6.642259        0.049012                 0.069889                           0.426893                    16.095256
238         0.075930                  0.110107                            0.617305                     10.340177        0.063482                 0.084436                           0.436535                    10.697904
239         0.129920                  0.184471                            0.419674                      6.237576        0.056055                 0.078840                           0.482889                    14.621701
240         0.078714                  0.118316                            0.412998                      9.706876        0.033986                 0.046390                           0.515703                    24.210040

[193 rows x 8 columns] 

Clasele de antrenare sunt: 
 0      0.0
1      0.0
2      1.0
3      0.0
5      1.0
      ... 
235    0.0
236    1.0
238    0.0
239    1.0
240    0.0
Name: emotie, Length: 193, dtype: float64 

Instantele de test sunt: 
 4      1.0
12     1.0
17     0.0
18     1.0
19     0.0
23     1.0
24     0.0
34     1.0
36     1.0
46     1.0
48     1.0
57     1.0
59     0.0
60     1.0
62     0.0
65     0.0
66     1.0
68     0.0
69     1.0
78     1.0
83     0.0
86     0.0
87     1.0
91     1.0
93     0.0
94     0.0
97     1.0
98     0.0
101    1.0
104    0.0
105    1.0
112    0.0
127    0.0
129    0.0
133    0.0
134    1.0
136    0.0
140    1.0
151    0.0
153    0.0
169    1.0
176    1.0
202    0.0
203    1.0
204    0.0
214    0.0
216    1.0
237    1.0
241    0.0
Name: emotie, dtype: float64 

Exista 49 instante de test
Clase reale: 
 [1. 1. 0. 1. 0. 1. 0. 1. 1. 1. 1. 1. 0. 1. 0. 0. 1. 0. 1. 1. 0. 0. 1. 1.
 0. 0. 1. 0. 1. 0. 1. 0. 0. 0. 0. 1. 0. 1. 0. 0. 1. 1. 0. 1. 0. 0. 1. 1.
 0.]
Numarul de zero-uri din setul initial: 24
Numarul de unu-uri din setul initial: 25
Clase predicted de SVM: 
 [0. 1. 1. 0. 1. 1. 0. 1. 1. 1. 0. 1. 1. 0. 0. 1. 0. 1. 1. 1. 1. 0. 1. 0.
 1. 0. 0. 0. 0. 0. 1. 1. 1. 0. 0. 0. 0. 0. 1. 1. 0. 0. 0. 0. 1. 0. 1. 1.
 0.]
              precision    recall  f1-score   support

         0.0       0.48      0.50      0.49        24
         1.0       0.50      0.48      0.49        25

    accuracy                           0.49        49
   macro avg       0.49      0.49      0.49        49
weighted avg       0.49      0.49      0.49        49

Acuratetea pt fold 2 este 0.4897959183673469 

Matricea de confuzie pt fold 2 este: 
 [[12 12]
 [13 12]]
FOLD:  3
Instantele de antrenare sunt: 
      WPLI_alpha_cost  WPLI_alpha_lungime_medie  WPLI_alpha_coeficient_clusterizare  WPLI_alpha_eficienta_globala  WPLI_beta_cost  WPLI_beta_lungime_medie  WPLI_beta_coeficient_clusterizare  WPLI_beta_eficienta_globala
0           0.098925                  0.136338                            0.441513                      8.360459        0.034033                 0.050654                           0.402727                    22.418102
2           0.134141                  0.169262                            0.333796                      5.263397        0.091160                 0.136648                           0.524250                     8.485633
4           0.102090                  0.147029                            0.539079                      7.769257        0.076127                 0.112693                           0.462740                    10.022442
5           0.355906                  0.463556                            0.374770                      1.948548        0.071361                 0.101387                           0.538026                    11.150866
6           0.120592                  0.170020                            0.403972                      6.695028        0.071411                 0.106547                           0.412231                    10.858000
..               ...                       ...                                 ...                           ...             ...                      ...                                ...                          ...
237         0.107142                  0.159424                            0.455805                      7.217305        0.051696                 0.072864                           0.473836                    15.512943
238         0.075930                  0.110107                            0.617305                     10.340177        0.063482                 0.084436                           0.436535                    10.697904
239         0.129920                  0.184471                            0.419674                      6.237576        0.056055                 0.078840                           0.482889                    14.621701
240         0.078714                  0.118316                            0.412998                      9.706876        0.033986                 0.046390                           0.515703                    24.210040
241         0.119926                  0.177158                            0.408229                      6.422930        0.085809                 0.127601                           0.410029                     8.984873

[194 rows x 8 columns] 

Clasele de antrenare sunt: 
 0      0.0
2      1.0
4      1.0
5      1.0
6      0.0
      ... 
237    1.0
238    0.0
239    1.0
240    0.0
241    0.0
Name: emotie, Length: 194, dtype: float64 

Instantele de test sunt: 
 1      0.0
3      0.0
8      1.0
10     1.0
15     1.0
26     1.0
35     1.0
38     0.0
44     0.0
45     0.0
70     0.0
75     0.0
77     0.0
82     1.0
85     1.0
88     1.0
90     1.0
95     1.0
99     1.0
100    0.0
106    0.0
107    0.0
123    1.0
128    0.0
132    0.0
144    0.0
146    1.0
147    0.0
150    1.0
156    1.0
158    1.0
162    0.0
167    0.0
172    0.0
175    0.0
177    1.0
178    1.0
179    1.0
184    1.0
193    1.0
196    0.0
199    1.0
213    0.0
218    0.0
227    0.0
234    1.0
235    0.0
236    1.0
Name: emotie, dtype: float64 

Exista 48 instante de test
Clase reale: 
 [0. 0. 1. 1. 1. 1. 1. 0. 0. 0. 0. 0. 0. 1. 1. 1. 1. 1. 1. 0. 0. 0. 1. 0.
 0. 0. 1. 0. 1. 1. 1. 0. 0. 0. 0. 1. 1. 1. 1. 1. 0. 1. 0. 0. 0. 1. 0. 1.]
Numarul de zero-uri din setul initial: 24
Numarul de unu-uri din setul initial: 24
Clase predicted de SVM: 
 [1. 1. 1. 0. 0. 0. 0. 0. 1. 1. 1. 1. 0. 0. 0. 1. 1. 0. 0. 0. 1. 0. 1. 0.
 0. 0. 0. 0. 0. 0. 0. 0. 0. 1. 0. 1. 0. 0. 1. 0. 0. 1. 1. 0. 0. 1. 1. 0.]
              precision    recall  f1-score   support

         0.0       0.47      0.58      0.52        24
         1.0       0.44      0.33      0.38        24

    accuracy                           0.46        48
   macro avg       0.46      0.46      0.45        48
weighted avg       0.46      0.46      0.45        48

Acuratetea pt fold 3 este 0.4583333333333333 

Matricea de confuzie pt fold 3 este: 
 [[14 10]
 [16  8]]
FOLD:  4
Instantele de antrenare sunt: 
      WPLI_alpha_cost  WPLI_alpha_lungime_medie  WPLI_alpha_coeficient_clusterizare  WPLI_alpha_eficienta_globala  WPLI_beta_cost  WPLI_beta_lungime_medie  WPLI_beta_coeficient_clusterizare  WPLI_beta_eficienta_globala
1           0.270540                  0.343649                            0.496626                      2.576025        0.149727                 0.219560                           0.491586                     5.147854
3           0.233272                  0.358118                            0.433880                      3.209289        0.047653                 0.070582                           0.466712                    16.246010
4           0.102090                  0.147029                            0.539079                      7.769257        0.076127                 0.112693                           0.462740                    10.022442
6           0.120592                  0.170020                            0.403972                      6.695028        0.071411                 0.106547                           0.412231                    10.858000
7           0.082955                  0.129311                            0.520069                      8.956886        0.031248                 0.043028                           0.692440                    26.488989
..               ...                       ...                                 ...                           ...             ...                      ...                                ...                          ...
237         0.107142                  0.159424                            0.455805                      7.217305        0.051696                 0.072864                           0.473836                    15.512943
238         0.075930                  0.110107                            0.617305                     10.340177        0.063482                 0.084436                           0.436535                    10.697904
239         0.129920                  0.184471                            0.419674                      6.237576        0.056055                 0.078840                           0.482889                    14.621701
240         0.078714                  0.118316                            0.412998                      9.706876        0.033986                 0.046390                           0.515703                    24.210040
241         0.119926                  0.177158                            0.408229                      6.422930        0.085809                 0.127601                           0.410029                     8.984873

[194 rows x 8 columns] 

Clasele de antrenare sunt: 
 1      0.0
3      0.0
4      1.0
6      0.0
7      1.0
      ... 
237    1.0
238    0.0
239    1.0
240    0.0
241    0.0
Name: emotie, Length: 194, dtype: float64 

Instantele de test sunt: 
 0      0.0
2      1.0
5      1.0
11     0.0
13     1.0
20     1.0
21     0.0
28     1.0
32     0.0
37     1.0
42     1.0
49     1.0
55     0.0
61     1.0
63     0.0
81     1.0
84     0.0
102    0.0
103    0.0
108    0.0
109    1.0
111    1.0
113    0.0
120    0.0
122    1.0
124    1.0
135    1.0
138    0.0
142    0.0
143    0.0
154    0.0
159    0.0
163    1.0
174    1.0
180    1.0
191    0.0
194    0.0
195    0.0
198    1.0
207    0.0
209    1.0
211    1.0
219    1.0
220    0.0
226    1.0
228    1.0
229    0.0
232    0.0
Name: emotie, dtype: float64 

Exista 48 instante de test
Clase reale: 
 [0. 1. 1. 0. 1. 1. 0. 1. 0. 1. 1. 1. 0. 1. 0. 1. 0. 0. 0. 0. 1. 1. 0. 0.
 1. 1. 1. 0. 0. 0. 0. 0. 1. 1. 1. 0. 0. 0. 1. 0. 1. 1. 1. 0. 1. 1. 0. 0.]
Numarul de zero-uri din setul initial: 24
Numarul de unu-uri din setul initial: 24
Clase predicted de SVM: 
 [1. 0. 1. 1. 1. 0. 0. 1. 0. 1. 1. 1. 0. 0. 0. 1. 1. 0. 0. 1. 0. 0. 1. 0.
 1. 1. 0. 0. 1. 1. 1. 0. 0. 0. 0. 1. 1. 0. 0. 0. 1. 1. 0. 0. 1. 1. 1. 0.]
              precision    recall  f1-score   support

         0.0       0.54      0.54      0.54        24
         1.0       0.54      0.54      0.54        24

    accuracy                           0.54        48
   macro avg       0.54      0.54      0.54        48
weighted avg       0.54      0.54      0.54        48

Acuratetea pt fold 4 este 0.5416666666666666 

Matricea de confuzie pt fold 4 este: 
 [[13 11]
 [11 13]]
FOLD:  5
Instantele de antrenare sunt: 
      WPLI_alpha_cost  WPLI_alpha_lungime_medie  WPLI_alpha_coeficient_clusterizare  WPLI_alpha_eficienta_globala  WPLI_beta_cost  WPLI_beta_lungime_medie  WPLI_beta_coeficient_clusterizare  WPLI_beta_eficienta_globala
0           0.098925                  0.136338                            0.441513                      8.360459        0.034033                 0.050654                           0.402727                    22.418102
1           0.270540                  0.343649                            0.496626                      2.576025        0.149727                 0.219560                           0.491586                     5.147854
2           0.134141                  0.169262                            0.333796                      5.263397        0.091160                 0.136648                           0.524250                     8.485633
3           0.233272                  0.358118                            0.433880                      3.209289        0.047653                 0.070582                           0.466712                    16.246010
4           0.102090                  0.147029                            0.539079                      7.769257        0.076127                 0.112693                           0.462740                    10.022442
..               ...                       ...                                 ...                           ...             ...                      ...                                ...                          ...
236         0.117895                  0.171866                            0.372601                      6.642259        0.049012                 0.069889                           0.426893                    16.095256
237         0.107142                  0.159424                            0.455805                      7.217305        0.051696                 0.072864                           0.473836                    15.512943
238         0.075930                  0.110107                            0.617305                     10.340177        0.063482                 0.084436                           0.436535                    10.697904
239         0.129920                  0.184471                            0.419674                      6.237576        0.056055                 0.078840                           0.482889                    14.621701
241         0.119926                  0.177158                            0.408229                      6.422930        0.085809                 0.127601                           0.410029                     8.984873

[194 rows x 8 columns] 

Clasele de antrenare sunt: 
 0      0.0
1      0.0
2      1.0
3      0.0
4      1.0
      ... 
236    1.0
237    1.0
238    0.0
239    1.0
241    0.0
Name: emotie, Length: 194, dtype: float64 

Instantele de test sunt: 
 6      0.0
7      1.0
9      1.0
22     1.0
25     1.0
27     0.0
29     0.0
30     0.0
33     0.0
39     0.0
40     0.0
47     0.0
50     1.0
52     0.0
54     0.0
56     1.0
58     0.0
64     0.0
72     1.0
73     1.0
80     1.0
92     0.0
96     0.0
114    0.0
115    1.0
116    1.0
118    1.0
121    1.0
126    0.0
131    0.0
149    0.0
152    0.0
157    1.0
160    1.0
165    0.0
166    1.0
182    1.0
183    0.0
185    1.0
186    1.0
188    1.0
190    1.0
192    1.0
197    0.0
210    0.0
217    1.0
231    1.0
240    0.0
Name: emotie, dtype: float64 

Exista 48 instante de test
Clase reale: 
 [0. 1. 1. 1. 1. 0. 0. 0. 0. 0. 0. 0. 1. 0. 0. 1. 0. 0. 1. 1. 1. 0. 0. 0.
 1. 1. 1. 1. 0. 0. 0. 0. 1. 1. 0. 1. 1. 0. 1. 1. 1. 1. 1. 0. 0. 1. 1. 0.]
Numarul de zero-uri din setul initial: 24
Numarul de unu-uri din setul initial: 24
Clase predicted de SVM: 
 [0. 1. 0. 1. 0. 1. 1. 1. 0. 1. 0. 0. 1. 1. 0. 0. 0. 1. 0. 0. 0. 0. 0. 0.
 1. 0. 1. 0. 0. 0. 0. 0. 0. 1. 0. 1. 0. 0. 0. 1. 0. 0. 0. 1. 1. 1. 0. 1.]
              precision    recall  f1-score   support

         0.0       0.50      0.62      0.56        24
         1.0       0.50      0.38      0.43        24

    accuracy                           0.50        48
   macro avg       0.50      0.50      0.49        48
weighted avg       0.50      0.50      0.49        48

Acuratetea pt fold 5 este 0.5 

Matricea de confuzie pt fold 5 este: 
 [[15  9]
 [15  9]]
ACURATETEA MEDIE DETERMINATA ESTE 0.5040816326530612 

Matricea de confuzie finala este: 
 [[71. 50.]
 [70. 51.]]
