FOLD:  1
Instantele de antrenare sunt: 
      coherence_alpha_cost  coherence_alpha_lungime_medie  coherence_alpha_coeficient_clusterizare  coherence_alpha_eficienta_globala  coherence_beta_cost  coherence_beta_lungime_medie  coherence_beta_coeficient_clusterizare  coherence_beta_eficienta_globala
0                0.365290                       0.487500                                 0.713469                           1.925840             0.306474                      0.470991                                0.678001                          2.484277
1                0.270232                       0.326793                                 0.547619                           3.515735             0.249149                      0.296566                                0.478032                          3.891827
2                0.878456                       0.876776                                 0.655311                           0.634000             0.863334                      0.842915                                0.655990                          0.650652
3                0.575453                       0.852871                                 0.663193                           1.335072             0.569755                      0.742227                                0.694260                          1.252526
4                0.646742                       0.885860                                 0.718999                           1.041026             0.596849                      0.560688                                0.634664                          0.990906
..                    ...                            ...                                      ...                                ...                  ...                           ...                                     ...                               ...
234              0.653331                       0.860899                                 0.613769                           1.091738             0.680156                      0.417384                                0.642146                          0.738112
236              0.651270                       0.508746                                 0.631192                           0.838985             0.530977                      0.553616                                0.625245                          1.347869
238              0.955177                       0.653142                                 0.611829                           0.486248             0.946857                      0.620179                                0.656899                          0.495951
240              0.489526                       0.592026                                 0.642250                           1.544571             0.508984                      0.737580                                0.665258                          1.553786
241              0.495314                       0.696211                                 0.652539                           1.643026             0.472525                      0.694567                                0.779044                          1.694293

[193 rows x 8 columns] 

Clasele de antrenare sunt: 
 0      1.0
1      0.0
2      0.0
3      0.0
4      1.0
      ... 
234    0.0
236    1.0
238    1.0
240    1.0
241    1.0
Name: emotie, Length: 193, dtype: float64 

Instantele de test sunt: 
 19     0.0
22     1.0
25     0.0
44     1.0
45     0.0
50     0.0
60     0.0
69     0.0
71     0.0
73     1.0
77     0.0
80     0.0
84     1.0
109    1.0
116    1.0
119    0.0
120    1.0
129    0.0
134    0.0
138    0.0
142    1.0
150    1.0
152    0.0
156    0.0
157    0.0
159    0.0
160    1.0
172    1.0
176    1.0
181    0.0
187    1.0
191    1.0
194    1.0
197    0.0
202    0.0
203    1.0
207    1.0
212    1.0
214    1.0
217    0.0
219    1.0
221    0.0
223    1.0
224    1.0
225    0.0
230    1.0
235    0.0
237    1.0
239    1.0
Name: emotie, dtype: float64 

Exista 49 instante de test
Clase reale: 
 [0. 1. 0. 1. 0. 0. 0. 0. 0. 1. 0. 0. 1. 1. 1. 0. 1. 0. 0. 0. 1. 1. 0. 0.
 0. 0. 1. 1. 1. 0. 1. 1. 1. 0. 0. 1. 1. 1. 1. 0. 1. 0. 1. 1. 0. 1. 0. 1.
 1.]
Numarul de zero-uri din setul initial: 24
Numarul de unu-uri din setul initial: 25
Clase predicted de SVM: 
 [1. 0. 0. 0. 1. 1. 1. 1. 1. 0. 1. 1. 1. 1. 0. 0. 0. 0. 0. 0. 1. 0. 0. 1.
 1. 0. 1. 1. 0. 1. 0. 0. 0. 0. 0. 0. 0. 1. 1. 1. 1. 0. 1. 1. 0. 1. 0. 1.
 0.]
              precision    recall  f1-score   support

         0.0       0.48      0.50      0.49        24
         1.0       0.50      0.48      0.49        25

    accuracy                           0.49        49
   macro avg       0.49      0.49      0.49        49
weighted avg       0.49      0.49      0.49        49

Acuratetea pt fold 1 este 0.4897959183673469 

Matricea de confuzie pt fold 1 este: 
 [[12 12]
 [13 12]]
FOLD:  2
Instantele de antrenare sunt: 
      coherence_alpha_cost  coherence_alpha_lungime_medie  coherence_alpha_coeficient_clusterizare  coherence_alpha_eficienta_globala  coherence_beta_cost  coherence_beta_lungime_medie  coherence_beta_coeficient_clusterizare  coherence_beta_eficienta_globala
0                0.365290                       0.487500                                 0.713469                           1.925840             0.306474                      0.470991                                0.678001                          2.484277
1                0.270232                       0.326793                                 0.547619                           3.515735             0.249149                      0.296566                                0.478032                          3.891827
3                0.575453                       0.852871                                 0.663193                           1.335072             0.569755                      0.742227                                0.694260                          1.252526
4                0.646742                       0.885860                                 0.718999                           1.041026             0.596849                      0.560688                                0.634664                          0.990906
5                0.732700                       0.454353                                 0.657670                           0.671640             0.758651                      0.478977                                0.662706                          0.637857
..                    ...                            ...                                      ...                                ...                  ...                           ...                                     ...                               ...
236              0.651270                       0.508746                                 0.631192                           0.838985             0.530977                      0.553616                                0.625245                          1.347869
237              0.694558                       1.189065                                 0.725982                           1.025389             0.602666                      0.688054                                0.693803                          1.065489
238              0.955177                       0.653142                                 0.611829                           0.486248             0.946857                      0.620179                                0.656899                          0.495951
239              0.699894                       1.005230                                 0.614760                           0.941890             0.727853                      0.459433                                0.626847                          0.664173
240              0.489526                       0.592026                                 0.642250                           1.544571             0.508984                      0.737580                                0.665258                          1.553786

[193 rows x 8 columns] 

Clasele de antrenare sunt: 
 0      1.0
1      0.0
3      0.0
4      1.0
5      0.0
      ... 
236    1.0
237    1.0
238    1.0
239    1.0
240    1.0
Name: emotie, Length: 193, dtype: float64 

Instantele de test sunt: 
 2      0.0
9      1.0
10     1.0
14     1.0
16     0.0
27     0.0
33     0.0
40     0.0
42     0.0
52     0.0
53     0.0
54     1.0
56     1.0
62     0.0
63     1.0
64     0.0
65     1.0
68     0.0
70     0.0
78     0.0
79     1.0
83     1.0
87     1.0
90     1.0
91     0.0
95     1.0
99     0.0
100    1.0
102    0.0
106    0.0
107    0.0
111    1.0
125    1.0
130    1.0
131    0.0
136    0.0
137    1.0
141    1.0
155    0.0
163    1.0
165    0.0
166    1.0
201    0.0
204    1.0
206    1.0
209    0.0
218    1.0
234    0.0
241    1.0
Name: emotie, dtype: float64 

Exista 49 instante de test
Clase reale: 
 [0. 1. 1. 1. 0. 0. 0. 0. 0. 0. 0. 1. 1. 0. 1. 0. 1. 0. 0. 0. 1. 1. 1. 1.
 0. 1. 0. 1. 0. 0. 0. 1. 1. 1. 0. 0. 1. 1. 0. 1. 0. 1. 0. 1. 1. 0. 1. 0.
 1.]
Numarul de zero-uri din setul initial: 25
Numarul de unu-uri din setul initial: 24
Clase predicted de SVM: 
 [1. 0. 1. 1. 1. 1. 0. 1. 1. 1. 1. 1. 1. 1. 1. 1. 0. 1. 1. 0. 1. 1. 1. 1.
 1. 0. 0. 1. 1. 1. 1. 1. 1. 1. 1. 1. 1. 1. 1. 0. 0. 1. 1. 1. 1. 0. 1. 1.
 1.]
              precision    recall  f1-score   support

         0.0       0.56      0.20      0.29        25
         1.0       0.50      0.83      0.62        24

    accuracy                           0.51        49
   macro avg       0.53      0.52      0.46        49
weighted avg       0.53      0.51      0.46        49

Acuratetea pt fold 2 este 0.5102040816326531 

Matricea de confuzie pt fold 2 este: 
 [[ 5 20]
 [ 4 20]]
FOLD:  3
Instantele de antrenare sunt: 
      coherence_alpha_cost  coherence_alpha_lungime_medie  coherence_alpha_coeficient_clusterizare  coherence_alpha_eficienta_globala  coherence_beta_cost  coherence_beta_lungime_medie  coherence_beta_coeficient_clusterizare  coherence_beta_eficienta_globala
0                0.365290                       0.487500                                 0.713469                           1.925840             0.306474                      0.470991                                0.678001                          2.484277
1                0.270232                       0.326793                                 0.547619                           3.515735             0.249149                      0.296566                                0.478032                          3.891827
2                0.878456                       0.876776                                 0.655311                           0.634000             0.863334                      0.842915                                0.655990                          0.650652
3                0.575453                       0.852871                                 0.663193                           1.335072             0.569755                      0.742227                                0.694260                          1.252526
5                0.732700                       0.454353                                 0.657670                           0.671640             0.758651                      0.478977                                0.662706                          0.637857
..                    ...                            ...                                      ...                                ...                  ...                           ...                                     ...                               ...
236              0.651270                       0.508746                                 0.631192                           0.838985             0.530977                      0.553616                                0.625245                          1.347869
237              0.694558                       1.189065                                 0.725982                           1.025389             0.602666                      0.688054                                0.693803                          1.065489
239              0.699894                       1.005230                                 0.614760                           0.941890             0.727853                      0.459433                                0.626847                          0.664173
240              0.489526                       0.592026                                 0.642250                           1.544571             0.508984                      0.737580                                0.665258                          1.553786
241              0.495314                       0.696211                                 0.652539                           1.643026             0.472525                      0.694567                                0.779044                          1.694293

[194 rows x 8 columns] 

Clasele de antrenare sunt: 
 0      1.0
1      0.0
2      0.0
3      0.0
5      0.0
      ... 
236    1.0
237    1.0
239    1.0
240    1.0
241    1.0
Name: emotie, Length: 194, dtype: float64 

Instantele de test sunt: 
 4      1.0
6      1.0
11     0.0
15     0.0
23     0.0
30     1.0
35     0.0
37     1.0
38     1.0
41     0.0
67     1.0
72     1.0
76     1.0
88     0.0
89     0.0
93     0.0
94     0.0
96     1.0
101    0.0
103    1.0
104    0.0
105    1.0
126    1.0
127    0.0
135    1.0
139    0.0
140    0.0
145    0.0
147    0.0
149    1.0
158    1.0
167    0.0
169    0.0
170    0.0
175    1.0
178    0.0
183    1.0
186    0.0
189    1.0
190    1.0
192    0.0
199    1.0
215    1.0
220    1.0
227    1.0
232    0.0
233    0.0
238    1.0
Name: emotie, dtype: float64 

Exista 48 instante de test
Clase reale: 
 [1. 1. 0. 0. 0. 1. 0. 1. 1. 0. 1. 1. 1. 0. 0. 0. 0. 1. 0. 1. 0. 1. 1. 0.
 1. 0. 0. 0. 0. 1. 1. 0. 0. 0. 1. 0. 1. 0. 1. 1. 0. 1. 1. 1. 1. 0. 0. 1.]
Numarul de zero-uri din setul initial: 24
Numarul de unu-uri din setul initial: 24
Clase predicted de SVM: 
 [1. 1. 1. 0. 0. 0. 1. 1. 1. 1. 0. 1. 1. 0. 1. 1. 1. 1. 0. 0. 0. 1. 1. 1.
 1. 1. 1. 0. 1. 0. 1. 1. 0. 0. 1. 1. 1. 0. 1. 1. 0. 0. 1. 1. 0. 0. 0. 0.]
              precision    recall  f1-score   support

         0.0       0.63      0.50      0.56        24
         1.0       0.59      0.71      0.64        24

    accuracy                           0.60        48
   macro avg       0.61      0.60      0.60        48
weighted avg       0.61      0.60      0.60        48

Acuratetea pt fold 3 este 0.6041666666666666 

Matricea de confuzie pt fold 3 este: 
 [[12 12]
 [ 7 17]]
FOLD:  4
Instantele de antrenare sunt: 
      coherence_alpha_cost  coherence_alpha_lungime_medie  coherence_alpha_coeficient_clusterizare  coherence_alpha_eficienta_globala  coherence_beta_cost  coherence_beta_lungime_medie  coherence_beta_coeficient_clusterizare  coherence_beta_eficienta_globala
2                0.878456                       0.876776                                 0.655311                           0.634000             0.863334                      0.842915                                0.655990                          0.650652
4                0.646742                       0.885860                                 0.718999                           1.041026             0.596849                      0.560688                                0.634664                          0.990906
5                0.732700                       0.454353                                 0.657670                           0.671640             0.758651                      0.478977                                0.662706                          0.637857
6                0.463409                       0.604433                                 0.567904                           1.598350             0.501760                      0.436139                                0.611066                          1.303486
7                0.682186                       1.190587                                 0.658317                           1.020831             0.717363                      1.069864                                0.779320                          0.898638
..                    ...                            ...                                      ...                                ...                  ...                           ...                                     ...                               ...
237              0.694558                       1.189065                                 0.725982                           1.025389             0.602666                      0.688054                                0.693803                          1.065489
238              0.955177                       0.653142                                 0.611829                           0.486248             0.946857                      0.620179                                0.656899                          0.495951
239              0.699894                       1.005230                                 0.614760                           0.941890             0.727853                      0.459433                                0.626847                          0.664173
240              0.489526                       0.592026                                 0.642250                           1.544571             0.508984                      0.737580                                0.665258                          1.553786
241              0.495314                       0.696211                                 0.652539                           1.643026             0.472525                      0.694567                                0.779044                          1.694293

[194 rows x 8 columns] 

Clasele de antrenare sunt: 
 2      0.0
4      1.0
5      0.0
6      1.0
7      1.0
      ... 
237    1.0
238    1.0
239    1.0
240    1.0
241    1.0
Name: emotie, Length: 194, dtype: float64 

Instantele de test sunt: 
 0      1.0
1      0.0
3      0.0
8      1.0
13     1.0
17     0.0
24     1.0
28     0.0
36     0.0
43     0.0
47     0.0
49     1.0
55     0.0
58     1.0
66     0.0
81     1.0
85     0.0
97     1.0
98     1.0
108    1.0
110    0.0
112    0.0
114    1.0
117    1.0
124    0.0
128    0.0
132    0.0
143    1.0
144    1.0
148    1.0
153    0.0
162    0.0
168    1.0
171    0.0
174    1.0
188    0.0
195    1.0
196    1.0
198    1.0
205    0.0
208    0.0
211    1.0
216    0.0
222    1.0
226    0.0
228    1.0
229    0.0
236    1.0
Name: emotie, dtype: float64 

Exista 48 instante de test
Clase reale: 
 [1. 0. 0. 1. 1. 0. 1. 0. 0. 0. 0. 1. 0. 1. 0. 1. 0. 1. 1. 1. 0. 0. 1. 1.
 0. 0. 0. 1. 1. 1. 0. 0. 1. 0. 1. 0. 1. 1. 1. 0. 0. 1. 0. 1. 0. 1. 0. 1.]
Numarul de zero-uri din setul initial: 24
Numarul de unu-uri din setul initial: 24
Clase predicted de SVM: 
 [0. 0. 1. 0. 0. 1. 0. 0. 0. 1. 1. 1. 1. 0. 0. 0. 0. 0. 1. 0. 1. 1. 1. 1.
 1. 1. 0. 1. 1. 1. 0. 0. 1. 0. 0. 0. 1. 1. 0. 0. 0. 1. 1. 0. 1. 1. 0. 1.]
              precision    recall  f1-score   support

         0.0       0.54      0.54      0.54        24
         1.0       0.54      0.54      0.54        24

    accuracy                           0.54        48
   macro avg       0.54      0.54      0.54        48
weighted avg       0.54      0.54      0.54        48

Acuratetea pt fold 4 este 0.5416666666666666 

Matricea de confuzie pt fold 4 este: 
 [[13 11]
 [11 13]]
FOLD:  5
Instantele de antrenare sunt: 
      coherence_alpha_cost  coherence_alpha_lungime_medie  coherence_alpha_coeficient_clusterizare  coherence_alpha_eficienta_globala  coherence_beta_cost  coherence_beta_lungime_medie  coherence_beta_coeficient_clusterizare  coherence_beta_eficienta_globala
0                0.365290                       0.487500                                 0.713469                           1.925840             0.306474                      0.470991                                0.678001                          2.484277
1                0.270232                       0.326793                                 0.547619                           3.515735             0.249149                      0.296566                                0.478032                          3.891827
2                0.878456                       0.876776                                 0.655311                           0.634000             0.863334                      0.842915                                0.655990                          0.650652
3                0.575453                       0.852871                                 0.663193                           1.335072             0.569755                      0.742227                                0.694260                          1.252526
4                0.646742                       0.885860                                 0.718999                           1.041026             0.596849                      0.560688                                0.634664                          0.990906
..                    ...                            ...                                      ...                                ...                  ...                           ...                                     ...                               ...
236              0.651270                       0.508746                                 0.631192                           0.838985             0.530977                      0.553616                                0.625245                          1.347869
237              0.694558                       1.189065                                 0.725982                           1.025389             0.602666                      0.688054                                0.693803                          1.065489
238              0.955177                       0.653142                                 0.611829                           0.486248             0.946857                      0.620179                                0.656899                          0.495951
239              0.699894                       1.005230                                 0.614760                           0.941890             0.727853                      0.459433                                0.626847                          0.664173
241              0.495314                       0.696211                                 0.652539                           1.643026             0.472525                      0.694567                                0.779044                          1.694293

[194 rows x 8 columns] 

Clasele de antrenare sunt: 
 0      1.0
1      0.0
2      0.0
3      0.0
4      1.0
      ... 
236    1.0
237    1.0
238    1.0
239    1.0
241    1.0
Name: emotie, Length: 194, dtype: float64 

Instantele de test sunt: 
 5      0.0
7      1.0
12     0.0
18     1.0
20     1.0
21     1.0
26     1.0
29     0.0
31     1.0
32     1.0
34     0.0
39     1.0
46     1.0
48     1.0
51     1.0
57     0.0
59     1.0
61     0.0
74     0.0
75     0.0
82     0.0
86     1.0
92     1.0
113    0.0
115    1.0
118    0.0
121    0.0
122    1.0
123    0.0
133    1.0
146    0.0
151    0.0
154    0.0
161    1.0
164    1.0
173    0.0
177    1.0
179    0.0
180    0.0
182    0.0
184    0.0
185    0.0
193    1.0
200    1.0
210    0.0
213    1.0
231    0.0
240    1.0
Name: emotie, dtype: float64 

Exista 48 instante de test
Clase reale: 
 [0. 1. 0. 1. 1. 1. 1. 0. 1. 1. 0. 1. 1. 1. 1. 0. 1. 0. 0. 0. 0. 1. 1. 0.
 1. 0. 0. 1. 0. 1. 0. 0. 0. 1. 1. 0. 1. 0. 0. 0. 0. 0. 1. 1. 0. 1. 0. 1.]
Numarul de zero-uri din setul initial: 24
Numarul de unu-uri din setul initial: 24
Clase predicted de SVM: 
 [0. 1. 0. 1. 0. 0. 0. 1. 1. 0. 0. 1. 0. 1. 1. 1. 1. 0. 1. 1. 1. 0. 1. 0.
 1. 0. 0. 1. 1. 0. 1. 0. 1. 0. 0. 1. 0. 0. 1. 1. 1. 1. 1. 0. 0. 1. 0. 1.]
              precision    recall  f1-score   support

         0.0       0.50      0.46      0.48        24
         1.0       0.50      0.54      0.52        24

    accuracy                           0.50        48
   macro avg       0.50      0.50      0.50        48
weighted avg       0.50      0.50      0.50        48

Acuratetea pt fold 5 este 0.5 

Matricea de confuzie pt fold 5 este: 
 [[11 13]
 [11 13]]
ACURATETEA MEDIE DETERMINATA ESTE 0.5291666666666666 

Matricea de confuzie finala este: 
 [[53. 68.]
 [46. 75.]]
